 5.000e+01 1.650e+03 5.000e+00      321
  9.4978678e-01  5.0000000e+01
  9.4978678e-01  5.5000000e+01
  9.4978678e-01  6.0000000e+01
  9.4978678e-01  6.5000000e+01
  9.4978678e-01  7.0000000e+01
  9.4978678e-01  7.5000000e+01
  9.4978678e-01  8.0000000e+01
  9.4978678e-01  8.5000000e+01
  9.4978678e-01  9.0000000e+01
  9.4978678e-01  9.5000000e+01
  9.4978678e-01  1.0000000e+02
  9.4978678e-01  1.0500000e+02
  9.4978678e-01  1.1000000e+02
  9.4978678e-01  1.1500000e+02
  9.4978678e-01  1.2000000e+02
  9.4978678e-01  1.2500000e+02
  9.4978678e-01  1.3000000e+02
  9.4978678e-01  1.3500000e+02
  9.4978678e-01  1.4000000e+02
  9.4978678e-01  1.4500000e+02
  9.4978678e-01  1.5000000e+02
  9.4978678e-01  1.5500000e+02
  9.4978678e-01  1.6000000e+02
  9.4978678e-01  1.6500000e+02
  9.4978678e-01  1.7000000e+02
  9.4978678e-01  1.7500000e+02
  9.4978678e-01  1.8000000e+02
  9.4978678e-01  1.8500000e+02
  9.4978678e-01  1.9000000e+02
  9.4978678e-01  1.9500000e+02
  9.4978678e-01  2.0000000e+02
  9.4978678e-01  2.0500000e+02
  9.4978678e-01  2.1000000e+02
  9.4978678e-01  2.1500000e+02
  9.4978678e-01  2.2000000e+02
  9.4978678e-01  2.2500000e+02
  9.4978678e-01  2.3000000e+02
  9.4978678e-01  2.3500000e+02
  9.4978678e-01  2.4000000e+02
  9.4978678e-01  2.4500000e+02
  9.4978678e-01  2.5000000e+02
  9.4978678e-01  2.5500000e+02
  9.4978678e-01  2.6000000e+02
  9.4978678e-01  2.6500000e+02
  9.4978678e-01  2.7000000e+02
  9.4978678e-01  2.7500000e+02
  9.4978678e-01  2.8000000e+02
  9.4978678e-01  2.8500000e+02
  9.4978678e-01  2.9000000e+02
  9.4978678e-01  2.9500000e+02
  9.4978678e-01  3.0000000e+02
  9.4978678e-01  3.0500000e+02
  9.4978678e-01  3.1000000e+02
  9.4978678e-01  3.1500000e+02
  9.4978678e-01  3.2000000e+02
  9.4978678e-01  3.2500000e+02
  9.4978678e-01  3.3000000e+02
  9.4978678e-01  3.3500000e+02
  9.4978678e-01  3.4000000e+02
  9.4978678e-01  3.4500000e+02
  9.4978678e-01  3.5000000e+02
  9.4978678e-01  3.5500000e+02
  9.4978678e-01  3.6000000e+02
  9.4978678e-01  3.6500000e+02
  9.4978678e-01  3.7000000e+02
  9.4978678e-01  3.7500000e+02
  9.4978678e-01  3.8000000e+02
  9.4978678e-01  3.8500000e+02
  9.4978678e-01  3.9000000e+02
  9.4978678e-01  3.9500000e+02
  9.4978678e-01  4.0000000e+02
  9.4978678e-01  4.0500000e+02
  9.4978678e-01  4.1000000e+02
  9.4978678e-01  4.1500000e+02
  9.4978678e-01  4.2000000e+02
  9.4978678e-01  4.2500000e+02
  9.4978678e-01  4.3000000e+02
  9.4978678e-01  4.3500000e+02
  9.4978678e-01  4.4000000e+02
  9.4978678e-01  4.4500000e+02
  9.4978678e-01  4.5000000e+02
  9.4978678e-01  4.5500000e+02
  9.4978678e-01  4.6000000e+02
  9.4978678e-01  4.6500000e+02
  9.4978678e-01  4.7000000e+02
  9.4978678e-01  4.7500000e+02
  9.4978678e-01  4.8000000e+02
  9.4978678e-01  4.8500000e+02
  9.4978678e-01  4.9000000e+02
  9.4978678e-01  4.9500000e+02
  9.4978678e-01  5.0000000e+02
  9.4978678e-01  5.0500000e+02
  9.4978678e-01  5.1000000e+02
  9.4978678e-01  5.1500000e+02
  9.4978678e-01  5.2000000e+02
  9.4978678e-01  5.2500000e+02
  9.4978678e-01  5.3000000e+02
  9.4978678e-01  5.3500000e+02
  9.4978678e-01  5.4000000e+02
  9.4978678e-01  5.4500000e+02
  9.4978678e-01  5.5000000e+02
  9.4978678e-01  5.5500000e+02
  9.4978678e-01  5.6000000e+02
  9.4978678e-01  5.6500000e+02
  9.4978678e-01  5.7000000e+02
  9.4978678e-01  5.7500000e+02
  9.4978678e-01  5.8000000e+02
  9.4978678e-01  5.8500000e+02
  9.4978678e-01  5.9000000e+02
  9.4978678e-01  5.9500000e+02
  9.4978678e-01  6.0000000e+02
  9.4978678e-01  6.0500000e+02
  9.4978678e-01  6.1000000e+02
  9.4978678e-01  6.1500000e+02
  9.4978678e-01  6.2000000e+02
  9.4978678e-01  6.2500000e+02
  9.4978678e-01  6.3000000e+02
  9.4978678e-01  6.3500000e+02
  9.4978678e-01  6.4000000e+02
  9.4978678e-01  6.4500000e+02
  9.4978678e-01  6.5000000e+02
  9.4978678e-01  6.5500000e+02
  9.4978678e-01  6.6000000e+02
  9.4978678e-01  6.6500000e+02
  9.4978678e-01  6.7000000e+02
  9.4978678e-01  6.7500000e+02
  9.4978678e-01  6.8000000e+02
  9.4978678e-01  6.8500000e+02
  9.4978678e-01  6.9000000e+02
  9.4978678e-01  6.9500000e+02
  9.4978678e-01  7.0000000e+02
  9.4978678e-01  7.0500000e+02
  9.4978678e-01  7.1000000e+02
  9.4930685e-01  7.1500000e+02
  9.4881827e-01  7.2000000e+02
  9.4736725e-01  7.2500000e+02
  9.4620824e-01  7.3000000e+02
  9.4492310e-01  7.3500000e+02
  9.4293416e-01  7.4000000e+02
  9.4158542e-01  7.4500000e+02
  9.3947911e-01  7.5000000e+02
  9.3768859e-01  7.5500000e+02
  9.3626666e-01  7.6000000e+02
  9.3404114e-01  7.6500000e+02
  9.3316585e-01  7.7000000e+02
  9.3204796e-01  7.7500000e+02
  9.3110782e-01  7.8000000e+02
  9.2957890e-01  7.8500000e+02
  9.2812842e-01  7.9000000e+02
  9.2712295e-01  7.9500000e+02
  9.2591053e-01  8.0000000e+02
  9.2489976e-01  8.0500000e+02
  9.2392457e-01  8.1000000e+02
  9.2239094e-01  8.1500000e+02
  9.2027640e-01  8.2000000e+02
  9.1895920e-01  8.2500000e+02
  9.1657907e-01  8.3000000e+02
  9.1435921e-01  8.3500000e+02
  9.1118175e-01  8.4000000e+02
  9.0839565e-01  8.4500000e+02
  9.0650165e-01  8.5000000e+02
  9.0462345e-01  8.5500000e+02
  9.0290213e-01  8.6000000e+02
  9.0193665e-01  8.6500000e+02
  9.0224659e-01  8.7000000e+02
  9.0193802e-01  8.7500000e+02
  9.0306967e-01  8.8000000e+02
  9.0549654e-01  8.8500000e+02
  9.1054201e-01  8.9000000e+02
  9.1658884e-01  8.9500000e+02
  9.1830337e-01  9.0000000e+02
  9.1556144e-01  9.0500000e+02
  9.1069835e-01  9.1000000e+02
  9.0739101e-01  9.1500000e+02
  9.0434349e-01  9.2000000e+02
  9.0278286e-01  9.2500000e+02
  9.0230626e-01  9.3000000e+02
  9.0256423e-01  9.3500000e+02
  9.0351254e-01  9.4000000e+02
  9.0595973e-01  9.4500000e+02
  9.0972781e-01  9.5000000e+02
  9.1374701e-01  9.5500000e+02
  9.1831875e-01  9.6000000e+02
  9.2193252e-01  9.6500000e+02
  9.2520839e-01  9.7000000e+02
  9.2762727e-01  9.7500000e+02
  9.2991912e-01  9.8000000e+02
  9.3355745e-01  9.8500000e+02
  9.3771386e-01  9.9000000e+02
  9.3950403e-01  9.9500000e+02
  9.4029206e-01  1.0000000e+03
  9.4159800e-01  1.0050000e+03
  9.4201058e-01  1.0100000e+03
  9.4289058e-01  1.0150000e+03
  9.4359970e-01  1.0200000e+03
  9.4434667e-01  1.0250000e+03
  9.4513535e-01  1.0300000e+03
  9.4629371e-01  1.0350000e+03
  9.4844693e-01  1.0400000e+03
  9.5092404e-01  1.0450000e+03
  9.5272326e-01  1.0500000e+03
  9.5512640e-01  1.0550000e+03
  9.5793843e-01  1.0600000e+03
  9.5953387e-01  1.0650000e+03
  9.6083337e-01  1.0700000e+03
  9.6193284e-01  1.0750000e+03
  9.6258974e-01  1.0800000e+03
  9.6399760e-01  1.0850000e+03
  9.6411002e-01  1.0900000e+03
  9.6498132e-01  1.0950000e+03
  9.6594739e-01  1.1000000e+03
  9.6628469e-01  1.1050000e+03
  9.6847278e-01  1.1100000e+03
  9.6995699e-01  1.1150000e+03
  9.7180688e-01  1.1200000e+03
  9.7289926e-01  1.1250000e+03
  9.7312784e-01  1.1300000e+03
  9.7285181e-01  1.1350000e+03
  9.7133094e-01  1.1400000e+03
  9.7019684e-01  1.1450000e+03
  9.6946877e-01  1.1500000e+03
  9.6988368e-01  1.1550000e+03
  9.7084200e-01  1.1600000e+03
  9.7217715e-01  1.1650000e+03
  9.7390628e-01  1.1700000e+03
  9.7400522e-01  1.1750000e+03
  9.7288191e-01  1.1800000e+03
  9.6938288e-01  1.1850000e+03
  9.6651465e-01  1.1900000e+03
  9.6513051e-01  1.1950000e+03
  9.6496135e-01  1.2000000e+03
  9.6410626e-01  1.2050000e+03
  9.6301818e-01  1.2100000e+03
  9.6202505e-01  1.2150000e+03
  9.6210676e-01  1.2200000e+03
  9.6247995e-01  1.2250000e+03
  9.6384609e-01  1.2300000e+03
  9.6461290e-01  1.2350000e+03
  9.6547091e-01  1.2400000e+03
  9.6635586e-01  1.2450000e+03
  9.6654296e-01  1.2500000e+03
  9.6673250e-01  1.2550000e+03
  9.6661961e-01  1.2600000e+03
  9.6599537e-01  1.2650000e+03
  9.6511590e-01  1.2700000e+03
  9.6334648e-01  1.2750000e+03
  9.6203345e-01  1.2800000e+03
  9.6147996e-01  1.2850000e+03
  9.5953190e-01  1.2900000e+03
  9.5832640e-01  1.2950000e+03
  9.5835584e-01  1.3000000e+03
  9.5907134e-01  1.3050000e+03
  9.6061838e-01  1.3100000e+03
  9.6255779e-01  1.3150000e+03
  9.6357042e-01  1.3200000e+03
  9.6321487e-01  1.3250000e+03
  9.6294481e-01  1.3300000e+03
  9.6278101e-01  1.3350000e+03
  9.6233296e-01  1.3400000e+03
  9.6125901e-01  1.3450000e+03
  9.6090811e-01  1.3500000e+03
  9.6088517e-01  1.3550000e+03
  9.6178931e-01  1.3600000e+03
  9.6275157e-01  1.3650000e+03
  9.6417999e-01  1.3700000e+03
  9.6522474e-01  1.3750000e+03
  9.6507621e-01  1.3800000e+03
  9.6369433e-01  1.3850000e+03
  9.6185923e-01  1.3900000e+03
  9.6031564e-01  1.3950000e+03
  9.5967603e-01  1.4000000e+03
  9.5872831e-01  1.4050000e+03
  9.5833850e-01  1.4100000e+03
  9.5904827e-01  1.4150000e+03
  9.5990056e-01  1.4200000e+03
  9.6046579e-01  1.4250000e+03
  9.6100724e-01  1.4300000e+03
  9.6058375e-01  1.4350000e+03
  9.5962375e-01  1.4400000e+03
  9.5849520e-01  1.4450000e+03
  9.5739359e-01  1.4500000e+03
  9.5686555e-01  1.4550000e+03
  9.5614302e-01  1.4600000e+03
  9.5530754e-01  1.4650000e+03
  9.5167255e-01  1.4700000e+03
  9.4516593e-01  1.4750000e+03
  9.3709457e-01  1.4800000e+03
  9.3224365e-01  1.4850000e+03
  9.3062067e-01  1.4900000e+03
  9.3144345e-01  1.4950000e+03
  9.3403095e-01  1.5000000e+03
  9.3736184e-01  1.5050000e+03
  9.4026685e-01  1.5100000e+03
  9.4298053e-01  1.5150000e+03
  9.4181359e-01  1.5200000e+03
  9.3750924e-01  1.5250000e+03
  9.3525487e-01  1.5300000e+03
  9.3492639e-01  1.5350000e+03
  9.3539202e-01  1.5400000e+03
  9.3507600e-01  1.5450000e+03
  9.3452233e-01  1.5500000e+03
  9.3347377e-01  1.5550000e+03
  9.3265742e-01  1.5600000e+03
  9.3150955e-01  1.5650000e+03
  9.3178046e-01  1.5700000e+03
  9.3298727e-01  1.5750000e+03
  9.3561226e-01  1.5800000e+03
  9.3802202e-01  1.5850000e+03
  9.4093215e-01  1.5900000e+03
  9.4331044e-01  1.5950000e+03
  9.4513363e-01  1.6000000e+03
  9.4675618e-01  1.6050000e+03
  9.4758183e-01  1.6100000e+03
  9.4846076e-01  1.6150000e+03
  9.4891924e-01  1.6200000e+03
  9.5001620e-01  1.6250000e+03
  9.5134246e-01  1.6300000e+03
  9.5236045e-01  1.6350000e+03
  9.5252377e-01  1.6400000e+03
  9.5295584e-01  1.6450000e+03
  9.5292711e-01  1.6500000e+03
