 5.000e+01 1.650e+03 5.000e+00      321
  9.8131174e-01  5.0000000e+01
  9.8131174e-01  5.5000000e+01
  9.8131174e-01  6.0000000e+01
  9.8131174e-01  6.5000000e+01
  9.8131174e-01  7.0000000e+01
  9.8131174e-01  7.5000000e+01
  9.8131174e-01  8.0000000e+01
  9.8131174e-01  8.5000000e+01
  9.8131174e-01  9.0000000e+01
  9.8131174e-01  9.5000000e+01
  9.8131174e-01  1.0000000e+02
  9.8131174e-01  1.0500000e+02
  9.8131174e-01  1.1000000e+02
  9.8131174e-01  1.1500000e+02
  9.8131174e-01  1.2000000e+02
  9.8131174e-01  1.2500000e+02
  9.8131174e-01  1.3000000e+02
  9.8131174e-01  1.3500000e+02
  9.8131174e-01  1.4000000e+02
  9.8131174e-01  1.4500000e+02
  9.8131174e-01  1.5000000e+02
  9.8131174e-01  1.5500000e+02
  9.8131174e-01  1.6000000e+02
  9.8131174e-01  1.6500000e+02
  9.8131174e-01  1.7000000e+02
  9.8131174e-01  1.7500000e+02
  9.8131174e-01  1.8000000e+02
  9.8131174e-01  1.8500000e+02
  9.8131174e-01  1.9000000e+02
  9.8131174e-01  1.9500000e+02
  9.8131174e-01  2.0000000e+02
  9.8131174e-01  2.0500000e+02
  9.8131174e-01  2.1000000e+02
  9.8131174e-01  2.1500000e+02
  9.8131174e-01  2.2000000e+02
  9.8131174e-01  2.2500000e+02
  9.8131174e-01  2.3000000e+02
  9.8131174e-01  2.3500000e+02
  9.8131174e-01  2.4000000e+02
  9.8131174e-01  2.4500000e+02
  9.8131174e-01  2.5000000e+02
  9.8131174e-01  2.5500000e+02
  9.8131174e-01  2.6000000e+02
  9.8131174e-01  2.6500000e+02
  9.8131174e-01  2.7000000e+02
  9.8131174e-01  2.7500000e+02
  9.8131174e-01  2.8000000e+02
  9.8131174e-01  2.8500000e+02
  9.8131174e-01  2.9000000e+02
  9.8131174e-01  2.9500000e+02
  9.8131174e-01  3.0000000e+02
  9.8131174e-01  3.0500000e+02
  9.8131174e-01  3.1000000e+02
  9.8131174e-01  3.1500000e+02
  9.8131174e-01  3.2000000e+02
  9.8131174e-01  3.2500000e+02
  9.8131174e-01  3.3000000e+02
  9.8131174e-01  3.3500000e+02
  9.8131174e-01  3.4000000e+02
  9.8131174e-01  3.4500000e+02
  9.8131174e-01  3.5000000e+02
  9.8131174e-01  3.5500000e+02
  9.8131174e-01  3.6000000e+02
  9.8131174e-01  3.6500000e+02
  9.8131174e-01  3.7000000e+02
  9.8131174e-01  3.7500000e+02
  9.8131174e-01  3.8000000e+02
  9.8131174e-01  3.8500000e+02
  9.8131174e-01  3.9000000e+02
  9.8131174e-01  3.9500000e+02
  9.8131174e-01  4.0000000e+02
  9.8131174e-01  4.0500000e+02
  9.8131174e-01  4.1000000e+02
  9.8131174e-01  4.1500000e+02
  9.8131174e-01  4.2000000e+02
  9.8131174e-01  4.2500000e+02
  9.8131174e-01  4.3000000e+02
  9.8131174e-01  4.3500000e+02
  9.8131174e-01  4.4000000e+02
  9.8131174e-01  4.4500000e+02
  9.8131174e-01  4.5000000e+02
  9.8131174e-01  4.5500000e+02
  9.8131174e-01  4.6000000e+02
  9.8131174e-01  4.6500000e+02
  9.8131174e-01  4.7000000e+02
  9.8131174e-01  4.7500000e+02
  9.8131174e-01  4.8000000e+02
  9.8131174e-01  4.8500000e+02
  9.8131174e-01  4.9000000e+02
  9.8131174e-01  4.9500000e+02
  9.8131174e-01  5.0000000e+02
  9.8131174e-01  5.0500000e+02
  9.8131174e-01  5.1000000e+02
  9.8131174e-01  5.1500000e+02
  9.8131174e-01  5.2000000e+02
  9.8131174e-01  5.2500000e+02
  9.8131174e-01  5.3000000e+02
  9.8131174e-01  5.3500000e+02
  9.8131174e-01  5.4000000e+02
  9.8131174e-01  5.4500000e+02
  9.8131174e-01  5.5000000e+02
  9.8131174e-01  5.5500000e+02
  9.8131174e-01  5.6000000e+02
  9.8131174e-01  5.6500000e+02
  9.8131174e-01  5.7000000e+02
  9.8131174e-01  5.7500000e+02
  9.8131174e-01  5.8000000e+02
  9.8131174e-01  5.8500000e+02
  9.8131174e-01  5.9000000e+02
  9.8131174e-01  5.9500000e+02
  9.8131174e-01  6.0000000e+02
  9.8131174e-01  6.0500000e+02
  9.8131174e-01  6.1000000e+02
  9.8131174e-01  6.1500000e+02
  9.8131174e-01  6.2000000e+02
  9.8131174e-01  6.2500000e+02
  9.8131174e-01  6.3000000e+02
  9.8131174e-01  6.3500000e+02
  9.8131174e-01  6.4000000e+02
  9.8131174e-01  6.4500000e+02
  9.8131174e-01  6.5000000e+02
  9.8131174e-01  6.5500000e+02
  9.8131174e-01  6.6000000e+02
  9.8131174e-01  6.6500000e+02
  9.8131174e-01  6.7000000e+02
  9.8131174e-01  6.7500000e+02
  9.8131174e-01  6.8000000e+02
  9.8131174e-01  6.8500000e+02
  9.8131174e-01  6.9000000e+02
  9.8131174e-01  6.9500000e+02
  9.8131174e-01  7.0000000e+02
  9.8131174e-01  7.0500000e+02
  9.8131174e-01  7.1000000e+02
  9.8131174e-01  7.1500000e+02
  9.7868001e-01  7.2000000e+02
  9.8455310e-01  7.2500000e+02
  9.8393399e-01  7.3000000e+02
  9.8488450e-01  7.3500000e+02
  9.8278648e-01  7.4000000e+02
  9.8101443e-01  7.4500000e+02
  9.8124999e-01  7.5000000e+02
  9.8009592e-01  7.5500000e+02
  9.7869897e-01  7.6000000e+02
  9.7845560e-01  7.6500000e+02
  9.7828299e-01  7.7000000e+02
  9.7707647e-01  7.7500000e+02
  9.7660077e-01  7.8000000e+02
  9.7614145e-01  7.8500000e+02
  9.7546053e-01  7.9000000e+02
  9.7476441e-01  7.9500000e+02
  9.7456002e-01  8.0000000e+02
  9.7426498e-01  8.0500000e+02
  9.7361505e-01  8.1000000e+02
  9.7311294e-01  8.1500000e+02
  9.7305828e-01  8.2000000e+02
  9.7318393e-01  8.2500000e+02
  9.7334433e-01  8.3000000e+02
  9.7340733e-01  8.3500000e+02
  9.7325045e-01  8.4000000e+02
  9.7323346e-01  8.4500000e+02
  9.7313821e-01  8.5000000e+02
  9.7294873e-01  8.5500000e+02
  9.7259510e-01  8.6000000e+02
  9.7228098e-01  8.6500000e+02
  9.7203952e-01  8.7000000e+02
  9.7226286e-01  8.7500000e+02
  9.7237092e-01  8.8000000e+02
  9.7239250e-01  8.8500000e+02
  9.7267181e-01  8.9000000e+02
  9.7286487e-01  8.9500000e+02
  9.7294557e-01  9.0000000e+02
  9.7280413e-01  9.0500000e+02
  9.7267306e-01  9.1000000e+02
  9.7279918e-01  9.1500000e+02
  9.7296041e-01  9.2000000e+02
  9.7315431e-01  9.2500000e+02
  9.7319472e-01  9.3000000e+02
  9.7322452e-01  9.3500000e+02
  9.7351468e-01  9.4000000e+02
  9.7383595e-01  9.4500000e+02
  9.7422582e-01  9.5000000e+02
  9.7464901e-01  9.5500000e+02
  9.7510165e-01  9.6000000e+02
  9.7558695e-01  9.6500000e+02
  9.7608370e-01  9.7000000e+02
  9.7671926e-01  9.7500000e+02
  9.7737855e-01  9.8000000e+02
  9.7816002e-01  9.8500000e+02
  9.7894454e-01  9.9000000e+02
  9.7968137e-01  9.9500000e+02
  9.8040998e-01  1.0000000e+03
  9.8089755e-01  1.0050000e+03
  9.8138028e-01  1.0100000e+03
  9.8192996e-01  1.0150000e+03
  9.8247570e-01  1.0200000e+03
  9.8282731e-01  1.0250000e+03
  9.8315883e-01  1.0300000e+03
  9.8306733e-01  1.0350000e+03
  9.8288155e-01  1.0400000e+03
  9.8295170e-01  1.0450000e+03
  9.8314762e-01  1.0500000e+03
  9.8282558e-01  1.0550000e+03
  9.8193586e-01  1.0600000e+03
  9.8101211e-01  1.0650000e+03
  9.7995907e-01  1.0700000e+03
  9.7891581e-01  1.0750000e+03
  9.7832632e-01  1.0800000e+03
  9.7776735e-01  1.0850000e+03
  9.7779918e-01  1.0900000e+03
  9.7820550e-01  1.0950000e+03
  9.7851270e-01  1.1000000e+03
  9.7847980e-01  1.1050000e+03
  9.7844720e-01  1.1100000e+03
  9.7763330e-01  1.1150000e+03
  9.7660428e-01  1.1200000e+03
  9.7580665e-01  1.1250000e+03
  9.7558248e-01  1.1300000e+03
  9.7536027e-01  1.1350000e+03
  9.7579402e-01  1.1400000e+03
  9.7646821e-01  1.1450000e+03
  9.7704697e-01  1.1500000e+03
  9.7693402e-01  1.1550000e+03
  9.7682208e-01  1.1600000e+03
  9.7692800e-01  1.1650000e+03
  9.7730583e-01  1.1700000e+03
  9.7768044e-01  1.1750000e+03
  9.7810268e-01  1.1800000e+03
  9.7854251e-01  1.1850000e+03
  9.7897863e-01  1.1900000e+03
  9.7918534e-01  1.1950000e+03
  9.7936666e-01  1.2000000e+03
  9.7956616e-01  1.2050000e+03
  9.8028630e-01  1.2100000e+03
  9.8100048e-01  1.2150000e+03
  9.8168427e-01  1.2200000e+03
  9.8213589e-01  1.2250000e+03
  9.8258388e-01  1.2300000e+03
  9.8301351e-01  1.2350000e+03
  9.8328453e-01  1.2400000e+03
  9.8355335e-01  1.2450000e+03
  9.8382002e-01  1.2500000e+03
  9.8363513e-01  1.2550000e+03
  9.8345172e-01  1.2600000e+03
  9.8326981e-01  1.2650000e+03
  9.8323482e-01  1.2700000e+03
  9.8322862e-01  1.2750000e+03
  9.8322248e-01  1.2800000e+03
  9.8317707e-01  1.2850000e+03
  9.8310465e-01  1.2900000e+03
  9.8303282e-01  1.2950000e+03
  9.8299921e-01  1.3000000e+03
  9.8307294e-01  1.3050000e+03
  9.8314601e-01  1.3100000e+03
  9.8321861e-01  1.3150000e+03
  9.8303366e-01  1.3200000e+03
  9.8280209e-01  1.3250000e+03
  9.8257226e-01  1.3300000e+03
  9.8243028e-01  1.3350000e+03
  9.8246104e-01  1.3400000e+03
  9.8249155e-01  1.3450000e+03
  9.8252183e-01  1.3500000e+03
  9.8275518e-01  1.3550000e+03
  9.8306179e-01  1.3600000e+03
  9.8336613e-01  1.3650000e+03
  9.8365629e-01  1.3700000e+03
  9.8352093e-01  1.3750000e+03
  9.8338652e-01  1.3800000e+03
  9.8325312e-01  1.3850000e+03
  9.8313391e-01  1.3900000e+03
  9.8306167e-01  1.3950000e+03
  9.8299003e-01  1.4000000e+03
  9.8291880e-01  1.4050000e+03
  9.8283488e-01  1.4100000e+03
  9.8272210e-01  1.4150000e+03
  9.8261017e-01  1.4200000e+03
  9.8249894e-01  1.4250000e+03
  9.8244655e-01  1.4300000e+03
  9.8253918e-01  1.4350000e+03
  9.8263109e-01  1.4400000e+03
  9.8272240e-01  1.4450000e+03
  9.8281932e-01  1.4500000e+03
  9.8295200e-01  1.4550000e+03
  9.8308384e-01  1.4600000e+03
  9.8321474e-01  1.4650000e+03
  9.8334473e-01  1.4700000e+03
  9.8360205e-01  1.4750000e+03
  9.8387462e-01  1.4800000e+03
  9.8414534e-01  1.4850000e+03
  9.8441422e-01  1.4900000e+03
  9.8463500e-01  1.4950000e+03
  9.8480666e-01  1.5000000e+03
  9.8497719e-01  1.5050000e+03
  9.8514664e-01  1.5100000e+03
  9.8531491e-01  1.5150000e+03
  9.8513895e-01  1.5200000e+03
  9.8495346e-01  1.5250000e+03
  9.8476917e-01  1.5300000e+03
  9.8458606e-01  1.5350000e+03
  9.8446780e-01  1.5400000e+03
  9.8449302e-01  1.5450000e+03
  9.8451805e-01  1.5500000e+03
  9.8454297e-01  1.5550000e+03
  9.8456770e-01  1.5600000e+03
  9.8459125e-01  1.5650000e+03
  9.8461366e-01  1.5700000e+03
  9.8463589e-01  1.5750000e+03
  9.8465800e-01  1.5800000e+03
  9.8467994e-01  1.5850000e+03
  9.8470604e-01  1.5900000e+03
  9.8473561e-01  1.5950000e+03
  9.8476499e-01  1.6000000e+03
  9.8479420e-01  1.6050000e+03
  9.8482323e-01  1.6100000e+03
  9.8474663e-01  1.6150000e+03
  9.8452497e-01  1.6200000e+03
  9.8430461e-01  1.6250000e+03
  9.8408562e-01  1.6300000e+03
  9.8386800e-01  1.6350000e+03
  9.8369783e-01  1.6400000e+03
  9.8383307e-01  1.6450000e+03
  9.8396760e-01  1.6500000e+03
