 5.000e+01 1.650e+03 5.000e+00      321
  9.9677098e-01  5.0000000e+01
  9.9677098e-01  5.5000000e+01
  9.9677098e-01  6.0000000e+01
  9.9677098e-01  6.5000000e+01
  9.9677098e-01  7.0000000e+01
  9.9677098e-01  7.5000000e+01
  9.9677098e-01  8.0000000e+01
  9.9677098e-01  8.5000000e+01
  9.9677098e-01  9.0000000e+01
  9.9677098e-01  9.5000000e+01
  9.9677098e-01  1.0000000e+02
  9.9657089e-01  1.0500000e+02
  9.9633008e-01  1.1000000e+02
  9.9604344e-01  1.1500000e+02
  9.9571180e-01  1.2000000e+02
  9.9533403e-01  1.2500000e+02
  9.9489778e-01  1.3000000e+02
  9.9444968e-01  1.3500000e+02
  9.9405414e-01  1.4000000e+02
  9.9374694e-01  1.4500000e+02
  9.9356735e-01  1.5000000e+02
  9.9348974e-01  1.5500000e+02
  9.9343300e-01  1.6000000e+02
  9.9322212e-01  1.6500000e+02
  9.9239856e-01  1.7000000e+02
  9.9097115e-01  1.7500000e+02
  9.8974383e-01  1.8000000e+02
  9.8899209e-01  1.8500000e+02
  9.8819238e-01  1.9000000e+02
  9.8698884e-01  1.9500000e+02
  9.8524749e-01  2.0000000e+02
  9.8299092e-01  2.0500000e+02
  9.8107505e-01  2.1000000e+02
  9.8154712e-01  2.1500000e+02
  9.8495358e-01  2.2000000e+02
  9.8858517e-01  2.2500000e+02
  9.9096149e-01  2.3000000e+02
  9.9215114e-01  2.3500000e+02
  9.9272633e-01  2.4000000e+02
  9.9313670e-01  2.4500000e+02
  9.9331009e-01  2.5000000e+02
  9.9347156e-01  2.5500000e+02
  9.9362183e-01  2.6000000e+02
  9.9375951e-01  2.6500000e+02
  9.9388915e-01  2.7000000e+02
  9.9398535e-01  2.7500000e+02
  9.9407655e-01  2.8000000e+02
  9.9412793e-01  2.8500000e+02
  9.9417281e-01  2.9000000e+02
  9.9416792e-01  2.9500000e+02
  9.9416304e-01  3.0000000e+02
  9.9406463e-01  3.0500000e+02
  9.9396884e-01  3.1000000e+02
  9.9387610e-01  3.1500000e+02
  9.9378628e-01  3.2000000e+02
  9.9363691e-01  3.2500000e+02
  9.9342662e-01  3.3000000e+02
  9.9322265e-01  3.3500000e+02
  9.9302465e-01  3.4000000e+02
  9.9283242e-01  3.4500000e+02
  9.9264562e-01  3.5000000e+02
  9.9237365e-01  3.5500000e+02
  9.9210894e-01  3.6000000e+02
  9.9185145e-01  3.6500000e+02
  9.9160093e-01  3.7000000e+02
  9.9135709e-01  3.7500000e+02
  9.9111968e-01  3.8000000e+02
  9.9088395e-01  3.8500000e+02
  9.9060088e-01  3.9000000e+02
  9.9032497e-01  3.9500000e+02
  9.9005598e-01  4.0000000e+02
  9.8976666e-01  4.0500000e+02
  9.8946768e-01  4.1000000e+02
  9.8916882e-01  4.1500000e+02
  9.8887706e-01  4.2000000e+02
  9.8858136e-01  4.2500000e+02
  9.8826098e-01  4.3000000e+02
  9.8793954e-01  4.3500000e+02
  9.8759758e-01  4.4000000e+02
  9.8724359e-01  4.4500000e+02
  9.8687828e-01  4.5000000e+02
  9.8649007e-01  4.5500000e+02
  9.8611009e-01  4.6000000e+02
  9.8573828e-01  4.6500000e+02
  9.8537439e-01  4.7000000e+02
  9.8501813e-01  4.7500000e+02
  9.8466933e-01  4.8000000e+02
  9.8429954e-01  4.8500000e+02
  9.8393756e-01  4.9000000e+02
  9.8366201e-01  4.9500000e+02
  9.8339200e-01  5.0000000e+02
  9.8324829e-01  5.0500000e+02
  9.8310775e-01  5.1000000e+02
  9.8299909e-01  5.1500000e+02
  9.8289245e-01  5.2000000e+02
  9.8264325e-01  5.2500000e+02
  9.8239642e-01  5.3000000e+02
  9.8200917e-01  5.3500000e+02
  9.8163283e-01  5.4000000e+02
  9.8126668e-01  5.4500000e+02
  9.8085952e-01  5.5000000e+02
  9.8046213e-01  5.5500000e+02
  9.8007190e-01  5.6000000e+02
  9.7968858e-01  5.6500000e+02
  9.7931200e-01  5.7000000e+02
  9.7894198e-01  5.7500000e+02
  9.7857833e-01  5.8000000e+02
  9.7831577e-01  5.8500000e+02
  9.7805876e-01  5.9000000e+02
  9.7785074e-01  5.9500000e+02
  9.7764564e-01  6.0000000e+02
  9.7742277e-01  6.0500000e+02
  9.7720355e-01  6.1000000e+02
  9.7684097e-01  6.1500000e+02
  9.7647953e-01  6.2000000e+02
  9.7601473e-01  6.2500000e+02
  9.7555733e-01  6.3000000e+02
  9.7510713e-01  6.3500000e+02
  9.7465980e-01  6.4000000e+02
  9.7412252e-01  6.4500000e+02
  9.7359347e-01  6.5000000e+02
  9.7299856e-01  6.5500000e+02
  9.7240973e-01  6.6000000e+02
  9.7174931e-01  6.6500000e+02
  9.7109765e-01  6.7000000e+02
  9.7045565e-01  6.7500000e+02
  9.6982157e-01  6.8000000e+02
  9.6915859e-01  6.8500000e+02
  9.6850526e-01  6.9000000e+02
  9.6786129e-01  6.9500000e+02
  9.6723253e-01  7.0000000e+02
  9.6674860e-01  7.0500000e+02
  9.6627152e-01  7.1000000e+02
  9.6585178e-01  7.1500000e+02
  9.6544135e-01  7.2000000e+02
  9.6512473e-01  7.2500000e+02
  9.6481287e-01  7.3000000e+02
  9.6453035e-01  7.3500000e+02
  9.6425164e-01  7.4000000e+02
  9.6396977e-01  7.4500000e+02
  9.6369135e-01  7.5000000e+02
  9.6341860e-01  7.5500000e+02
  9.6315461e-01  7.6000000e+02
  9.6309847e-01  7.6500000e+02
  9.6304417e-01  7.7000000e+02
  9.6302152e-01  7.7500000e+02
  9.6299917e-01  7.8000000e+02
  9.6311110e-01  7.8500000e+02
  9.6322244e-01  7.9000000e+02
  9.6333241e-01  7.9500000e+02
  9.6344101e-01  8.0000000e+02
  9.6390295e-01  8.0500000e+02
  9.6435922e-01  8.1000000e+02
  9.6480989e-01  8.1500000e+02
  9.6526933e-01  8.2000000e+02
  9.6592563e-01  8.2500000e+02
  9.6657407e-01  8.3000000e+02
  9.6721470e-01  8.3500000e+02
  9.6784770e-01  8.4000000e+02
  9.6884286e-01  8.4500000e+02
  9.6985275e-01  8.5000000e+02
  9.7085088e-01  8.5500000e+02
  9.7184139e-01  8.6000000e+02
  9.7294647e-01  8.6500000e+02
  9.7403878e-01  8.7000000e+02
  9.7511864e-01  8.7500000e+02
  9.7618622e-01  8.8000000e+02
  9.7780371e-01  8.8500000e+02
  9.7943646e-01  8.9000000e+02
  9.8105091e-01  8.9500000e+02
  9.8264742e-01  9.0000000e+02
  9.8437965e-01  9.0500000e+02
  9.8610848e-01  9.1000000e+02
  9.8787624e-01  9.1500000e+02
  9.8962110e-01  9.2000000e+02
  9.9084854e-01  9.2500000e+02
  9.9206287e-01  9.3000000e+02
  9.9291730e-01  9.3500000e+02
  9.9372995e-01  9.4000000e+02
  9.9402678e-01  9.4500000e+02
  9.9430257e-01  9.5000000e+02
  9.9432611e-01  9.5500000e+02
  9.9433964e-01  9.6000000e+02
  9.9420422e-01  9.6500000e+02
  9.9406940e-01  9.7000000e+02
  9.9387908e-01  9.7500000e+02
  9.9369067e-01  9.8000000e+02
  9.9343431e-01  9.8500000e+02
  9.9317461e-01  9.9000000e+02
  9.9291754e-01  9.9500000e+02
  9.9266303e-01  1.0000000e+03
  9.9234623e-01  1.0050000e+03
  9.9203259e-01  1.0100000e+03
  9.9172199e-01  1.0150000e+03
  9.9141455e-01  1.0200000e+03
  9.9113393e-01  1.0250000e+03
  9.9085599e-01  1.0300000e+03
  9.9058080e-01  1.0350000e+03
  9.9030823e-01  1.0400000e+03
  9.9003828e-01  1.0450000e+03
  9.8977095e-01  1.0500000e+03
  9.8952329e-01  1.0550000e+03
  9.8927796e-01  1.0600000e+03
  9.8903495e-01  1.0650000e+03
  9.8879421e-01  1.0700000e+03
  9.8855573e-01  1.0750000e+03
  9.8831940e-01  1.0800000e+03
  9.8809385e-01  1.0850000e+03
  9.8787034e-01  1.0900000e+03
  9.8764896e-01  1.0950000e+03
  9.8742956e-01  1.1000000e+03
  9.8721957e-01  1.1050000e+03
  9.8701143e-01  1.1100000e+03
  9.8680520e-01  1.1150000e+03
  9.8660088e-01  1.1200000e+03
  9.8640591e-01  1.1250000e+03
  9.8621261e-01  1.1300000e+03
  9.8602104e-01  1.1350000e+03
  9.8583114e-01  1.1400000e+03
  9.8564291e-01  1.1450000e+03
  9.8545635e-01  1.1500000e+03
  9.8527700e-01  1.1550000e+03
  9.8509920e-01  1.1600000e+03
  9.8492289e-01  1.1650000e+03
  9.8474813e-01  1.1700000e+03
  9.8457479e-01  1.1750000e+03
  9.8440301e-01  1.1800000e+03
  9.8423630e-01  1.1850000e+03
  9.8407102e-01  1.1900000e+03
  9.8390710e-01  1.1950000e+03
  9.8374456e-01  1.2000000e+03
  9.8358208e-01  1.2050000e+03
  9.8342097e-01  1.2100000e+03
  9.8326117e-01  1.2150000e+03
  9.8310268e-01  1.2200000e+03
  9.8294300e-01  1.2250000e+03
  9.8278463e-01  1.2300000e+03
  9.8262751e-01  1.2350000e+03
  9.8247159e-01  1.2400000e+03
  9.8230988e-01  1.2450000e+03
  9.8214948e-01  1.2500000e+03
  9.8199040e-01  1.2550000e+03
  9.8183250e-01  1.2600000e+03
  9.8167163e-01  1.2650000e+03
  9.8151201e-01  1.2700000e+03
  9.8135370e-01  1.2750000e+03
  9.8119658e-01  1.2800000e+03
  9.8103505e-01  1.2850000e+03
  9.8087466e-01  1.2900000e+03
  9.8071551e-01  1.2950000e+03
  9.8055762e-01  1.3000000e+03
  9.8041368e-01  1.3050000e+03
  9.8027098e-01  1.3100000e+03
  9.8012936e-01  1.3150000e+03
  9.7998899e-01  1.3200000e+03
  9.7986907e-01  1.3250000e+03
  9.7975004e-01  1.3300000e+03
  9.7963190e-01  1.3350000e+03
  9.7951460e-01  1.3400000e+03
  9.7938973e-01  1.3450000e+03
  9.7926581e-01  1.3500000e+03
  9.7914284e-01  1.3550000e+03
  9.7902077e-01  1.3600000e+03
  9.7890949e-01  1.3650000e+03
  9.7879905e-01  1.3700000e+03
  9.7868943e-01  1.3750000e+03
  9.7858053e-01  1.3800000e+03
  9.7848636e-01  1.3850000e+03
  9.7839308e-01  1.3900000e+03
  9.7830045e-01  1.3950000e+03
  9.7820842e-01  1.4000000e+03
  9.7810400e-01  1.4050000e+03
  9.7800028e-01  1.4100000e+03
  9.7789729e-01  1.4150000e+03
  9.7779506e-01  1.4200000e+03
  9.7771829e-01  1.4250000e+03
  9.7764230e-01  1.4300000e+03
  9.7756684e-01  1.4350000e+03
  9.7749192e-01  1.4400000e+03
  9.7741753e-01  1.4450000e+03
  9.7734398e-01  1.4500000e+03
  9.7728926e-01  1.4550000e+03
  9.7723496e-01  1.4600000e+03
  9.7718108e-01  1.4650000e+03
  9.7712749e-01  1.4700000e+03
  9.7707427e-01  1.4750000e+03
  9.7702157e-01  1.4800000e+03
  9.7698188e-01  1.4850000e+03
  9.7694248e-01  1.4900000e+03
  9.7690332e-01  1.4950000e+03
  9.7686410e-01  1.5000000e+03
  9.7680545e-01  1.5050000e+03
  9.7674721e-01  1.5100000e+03
  9.7668934e-01  1.5150000e+03
  9.7663188e-01  1.5200000e+03
  9.7657704e-01  1.5250000e+03
  9.7652262e-01  1.5300000e+03
  9.7646850e-01  1.5350000e+03
  9.7641510e-01  1.5400000e+03
  9.7637552e-01  1.5450000e+03
  9.7633636e-01  1.5500000e+03
  9.7630227e-01  1.5550000e+03
  9.7626841e-01  1.5600000e+03
  9.7623444e-01  1.5650000e+03
  9.7620070e-01  1.5700000e+03
  9.7618020e-01  1.5750000e+03
  9.7616011e-01  1.5800000e+03
  9.7614759e-01  1.5850000e+03
  9.7613519e-01  1.5900000e+03
  9.7614896e-01  1.5950000e+03
  9.7616303e-01  1.6000000e+03
  9.7623426e-01  1.6050000e+03
  9.7630513e-01  1.6100000e+03
  9.7637552e-01  1.6150000e+03
  9.7644550e-01  1.6200000e+03
  9.7651500e-01  1.6250000e+03
  9.7658426e-01  1.6300000e+03
  9.7675186e-01  1.6350000e+03
  9.7691840e-01  1.6400000e+03
  9.7708398e-01  1.6450000e+03
  9.7724754e-01  1.6500000e+03
