 5.000e+01 1.650e+03 5.000e+00      321
  9.1283888e-01  5.0000000e+01
  9.1283888e-01  5.5000000e+01
  9.1283888e-01  6.0000000e+01
  9.1283888e-01  6.5000000e+01
  9.1283888e-01  7.0000000e+01
  9.1283888e-01  7.5000000e+01
  9.1283888e-01  8.0000000e+01
  9.1283888e-01  8.5000000e+01
  9.1283888e-01  9.0000000e+01
  9.1283888e-01  9.5000000e+01
  9.1283888e-01  1.0000000e+02
  9.1283888e-01  1.0500000e+02
  9.1283888e-01  1.1000000e+02
  9.1283888e-01  1.1500000e+02
  9.1283888e-01  1.2000000e+02
  9.1283888e-01  1.2500000e+02
  9.1283888e-01  1.3000000e+02
  9.1283888e-01  1.3500000e+02
  9.1283888e-01  1.4000000e+02
  9.1283888e-01  1.4500000e+02
  9.1283888e-01  1.5000000e+02
  9.1283888e-01  1.5500000e+02
  9.1283888e-01  1.6000000e+02
  9.1283888e-01  1.6500000e+02
  9.1283888e-01  1.7000000e+02
  9.1283888e-01  1.7500000e+02
  9.1283888e-01  1.8000000e+02
  9.1283888e-01  1.8500000e+02
  9.1283888e-01  1.9000000e+02
  9.1283888e-01  1.9500000e+02
  9.1283888e-01  2.0000000e+02
  9.1283888e-01  2.0500000e+02
  9.1283888e-01  2.1000000e+02
  9.1283888e-01  2.1500000e+02
  9.1283888e-01  2.2000000e+02
  9.1283888e-01  2.2500000e+02
  9.1283888e-01  2.3000000e+02
  9.1283888e-01  2.3500000e+02
  9.1283888e-01  2.4000000e+02
  9.1283888e-01  2.4500000e+02
  9.1283888e-01  2.5000000e+02
  9.1283888e-01  2.5500000e+02
  9.1283888e-01  2.6000000e+02
  9.1283888e-01  2.6500000e+02
  9.1283888e-01  2.7000000e+02
  9.1283888e-01  2.7500000e+02
  9.1283888e-01  2.8000000e+02
  9.1283888e-01  2.8500000e+02
  9.1485173e-01  2.9000000e+02
  9.1712618e-01  2.9500000e+02
  9.1932476e-01  3.0000000e+02
  9.2145127e-01  3.0500000e+02
  9.2350918e-01  3.1000000e+02
  9.2550176e-01  3.1500000e+02
  9.2743212e-01  3.2000000e+02
  9.2930299e-01  3.2500000e+02
  9.3111724e-01  3.3000000e+02
  9.2991745e-01  3.3500000e+02
  9.2292023e-01  3.4000000e+02
  9.1612583e-01  3.4500000e+02
  9.0952551e-01  3.5000000e+02
  9.0311116e-01  3.5500000e+02
  9.0195483e-01  3.6000000e+02
  9.1170454e-01  3.6500000e+02
  9.2119080e-01  3.7000000e+02
  9.3042409e-01  3.7500000e+02
  9.3941444e-01  3.8000000e+02
  9.4817120e-01  3.8500000e+02
  9.5670348e-01  3.9000000e+02
  9.6501970e-01  3.9500000e+02
  9.7312808e-01  4.0000000e+02
  9.6964067e-01  4.0500000e+02
  9.6623832e-01  4.1000000e+02
  9.6291792e-01  4.1500000e+02
  9.5967662e-01  4.2000000e+02
  9.5651156e-01  4.2500000e+02
  9.5342010e-01  4.3000000e+02
  9.5039970e-01  4.3500000e+02
  9.4744796e-01  4.4000000e+02
  9.4460207e-01  4.4500000e+02
  9.4213182e-01  4.5000000e+02
  9.3971586e-01  4.5500000e+02
  9.3735248e-01  4.6000000e+02
  9.3503988e-01  4.6500000e+02
  9.3030584e-01  4.7000000e+02
  9.0444773e-01  4.7500000e+02
  8.7912834e-01  4.8000000e+02
  8.5433102e-01  4.8500000e+02
  8.3003974e-01  4.9000000e+02
  8.0623919e-01  4.9500000e+02
  7.8291464e-01  5.0000000e+02
  7.8642422e-01  5.0500000e+02
  7.8986496e-01  5.1000000e+02
  7.9323888e-01  5.1500000e+02
  7.9654789e-01  5.2000000e+02
  7.9979390e-01  5.2500000e+02
  8.0297869e-01  5.3000000e+02
  8.0610394e-01  5.3500000e+02
  8.0917126e-01  5.4000000e+02
  8.2276684e-01  5.4500000e+02
  8.3738655e-01  5.5000000e+02
  8.5174280e-01  5.5500000e+02
  8.7575805e-01  5.6000000e+02
  9.0057665e-01  5.6500000e+02
  9.2495990e-01  5.7000000e+02
  9.4891906e-01  5.7500000e+02
  9.7246516e-01  5.8000000e+02
  9.7701168e-01  5.8500000e+02
  9.7434336e-01  5.9000000e+02
  9.7171986e-01  5.9500000e+02
  9.6914011e-01  6.0000000e+02
  9.6660304e-01  6.0500000e+02
  9.6416306e-01  6.1000000e+02
  9.6283823e-01  6.1500000e+02
  9.6153474e-01  6.2000000e+02
  9.6025211e-01  6.2500000e+02
  9.5898986e-01  6.3000000e+02
  9.5774746e-01  6.3500000e+02
  9.5652449e-01  6.4000000e+02
  9.5532048e-01  6.4500000e+02
  9.5413500e-01  6.5000000e+02
  9.5296758e-01  6.5500000e+02
  9.5181787e-01  6.6000000e+02
  9.5068544e-01  6.6500000e+02
  9.5009851e-01  6.7000000e+02
  9.4978261e-01  6.7500000e+02
  9.5002335e-01  6.8000000e+02
  9.5034623e-01  6.8500000e+02
  9.5066446e-01  6.9000000e+02
  9.5097810e-01  6.9500000e+02
  9.5128721e-01  7.0000000e+02
  9.5159197e-01  7.0500000e+02
  9.5189244e-01  7.1000000e+02
  9.5464498e-01  7.1500000e+02
  9.6289003e-01  7.2000000e+02
  9.6336544e-01  7.2500000e+02
  9.6297461e-01  7.3000000e+02
  9.6179086e-01  7.3500000e+02
  9.5989001e-01  7.4000000e+02
  9.5796120e-01  7.4500000e+02
  9.5604664e-01  7.5000000e+02
  9.5414644e-01  7.5500000e+02
  9.5228654e-01  7.6000000e+02
  9.5045376e-01  7.6500000e+02
  9.4333690e-01  7.7000000e+02
  9.4603848e-01  7.7500000e+02
  9.4292629e-01  7.8000000e+02
  9.3985772e-01  7.8500000e+02
  9.3683559e-01  7.9000000e+02
  9.3385243e-01  7.9500000e+02
  9.7878808e-01  8.0000000e+02
  9.4886714e-01  8.0500000e+02
  9.7152597e-01  8.1000000e+02
  9.8388362e-01  8.1500000e+02
  9.7896647e-01  8.2000000e+02
  9.7348499e-01  8.2500000e+02
  9.6874070e-01  8.3000000e+02
  9.6766192e-01  8.3500000e+02
  9.6654159e-01  8.4000000e+02
  9.6532822e-01  8.4500000e+02
  9.6398884e-01  8.5000000e+02
  9.6243447e-01  8.5500000e+02
  9.6041679e-01  8.6000000e+02
  9.5749766e-01  8.6500000e+02
  9.5263505e-01  8.7000000e+02
  9.5222425e-01  8.7500000e+02
  9.5181817e-01  8.8000000e+02
  9.5141667e-01  8.8500000e+02
  9.5101964e-01  8.9000000e+02
  9.5062709e-01  8.9500000e+02
  9.5023882e-01  9.0000000e+02
  9.4985491e-01  9.0500000e+02
  9.4950962e-01  9.1000000e+02
  9.4932204e-01  9.1500000e+02
  9.4913656e-01  9.2000000e+02
  9.4895297e-01  9.2500000e+02
  9.4877142e-01  9.3000000e+02
  9.4859183e-01  9.3500000e+02
  9.4841415e-01  9.4000000e+02
  9.4816595e-01  9.4500000e+02
  9.4754350e-01  9.5000000e+02
  9.4692761e-01  9.5500000e+02
  9.4631809e-01  9.6000000e+02
  9.4571495e-01  9.6500000e+02
  9.4511801e-01  9.7000000e+02
  9.4452715e-01  9.7500000e+02
  9.4394237e-01  9.8000000e+02
  9.4336349e-01  9.8500000e+02
  9.4279051e-01  9.9000000e+02
  9.4222325e-01  9.9500000e+02
  9.4166166e-01  1.0000000e+03
  9.4017798e-01  1.0050000e+03
  9.3870902e-01  1.0100000e+03
  9.3725455e-01  1.0150000e+03
  9.3581426e-01  1.0200000e+03
  9.3259937e-01  1.0250000e+03
  9.2925739e-01  1.0300000e+03
  9.2594773e-01  1.0350000e+03
  9.2266983e-01  1.0400000e+03
  9.1942340e-01  1.0450000e+03
  9.1620779e-01  1.0500000e+03
  9.0364081e-01  1.0550000e+03
  8.8081712e-01  1.0600000e+03
  8.5820776e-01  1.0650000e+03
  8.3580971e-01  1.0700000e+03
  8.1361997e-01  1.0750000e+03
  7.9163575e-01  1.0800000e+03
  7.6985413e-01  1.0850000e+03
  7.5652927e-01  1.0900000e+03
  7.4860996e-01  1.0950000e+03
  7.4076259e-01  1.1000000e+03
  7.3298627e-01  1.1050000e+03
  7.2527999e-01  1.1100000e+03
  7.2259188e-01  1.1150000e+03
  7.2133547e-01  1.1200000e+03
  7.2009021e-01  1.1250000e+03
  7.1885598e-01  1.1300000e+03
  7.1763259e-01  1.1350000e+03
  7.1641999e-01  1.1400000e+03
  7.1521795e-01  1.1450000e+03
  7.1986204e-01  1.1500000e+03
  7.6920605e-01  1.1550000e+03
  8.1812465e-01  1.1600000e+03
  8.3360529e-01  1.1650000e+03
  8.0403405e-01  1.1700000e+03
  7.3685193e-01  1.1750000e+03
  7.1731538e-01  1.1800000e+03
  7.1766603e-01  1.1850000e+03
  7.1842808e-01  1.1900000e+03
  7.2579950e-01  1.1950000e+03
  7.3555869e-01  1.2000000e+03
  7.4706191e-01  1.2050000e+03
  7.5644147e-01  1.2100000e+03
  7.6439905e-01  1.2150000e+03
  7.7143693e-01  1.2200000e+03
  7.7963638e-01  1.2250000e+03
  7.8776914e-01  1.2300000e+03
  7.9583603e-01  1.2350000e+03
  8.0383790e-01  1.2400000e+03
  8.1177551e-01  1.2450000e+03
  8.1964958e-01  1.2500000e+03
  8.2746089e-01  1.2550000e+03
  8.3521026e-01  1.2600000e+03
  8.4289837e-01  1.2650000e+03
  8.5260886e-01  1.2700000e+03
  8.6214244e-01  1.2750000e+03
  8.6983275e-01  1.2800000e+03
  8.8260484e-01  1.2850000e+03
  8.9884073e-01  1.2900000e+03
  9.0939051e-01  1.2950000e+03
  9.2161554e-01  1.3000000e+03
  9.3981797e-01  1.3050000e+03
  9.5323217e-01  1.3100000e+03
  9.6293598e-01  1.3150000e+03
  9.6798033e-01  1.3200000e+03
  9.7194773e-01  1.3250000e+03
  9.7423995e-01  1.3300000e+03
  9.7633982e-01  1.3350000e+03
  9.7807509e-01  1.3400000e+03
  9.8098397e-01  1.3450000e+03
  9.8486376e-01  1.3500000e+03
  9.8830104e-01  1.3550000e+03
  9.9156034e-01  1.3600000e+03
  9.8746872e-01  1.3650000e+03
  9.8255271e-01  1.3700000e+03
  9.7899461e-01  1.3750000e+03
  9.7595221e-01  1.3800000e+03
  9.7598243e-01  1.3850000e+03
  9.7591358e-01  1.3900000e+03
  9.7550035e-01  1.3950000e+03
  9.7509003e-01  1.4000000e+03
  9.7468263e-01  1.4050000e+03
  9.7427815e-01  1.4100000e+03
  9.7387654e-01  1.4150000e+03
  9.7347772e-01  1.4200000e+03
  9.7308171e-01  1.4250000e+03
  9.7268850e-01  1.4300000e+03
  9.7229797e-01  1.4350000e+03
  9.7191024e-01  1.4400000e+03
  9.7152513e-01  1.4450000e+03
  9.7114265e-01  1.4500000e+03
  9.7076285e-01  1.4550000e+03
  9.7038567e-01  1.4600000e+03
  9.7001100e-01  1.4650000e+03
  9.6963894e-01  1.4700000e+03
  9.6926934e-01  1.4750000e+03
  9.6890229e-01  1.4800000e+03
  9.6853769e-01  1.4850000e+03
  9.6817553e-01  1.4900000e+03
  9.6781582e-01  1.4950000e+03
  9.6745849e-01  1.5000000e+03
  9.6710354e-01  1.5050000e+03
  9.6675092e-01  1.5100000e+03
  9.6640062e-01  1.5150000e+03
  9.6605265e-01  1.5200000e+03
  9.6570700e-01  1.5250000e+03
  9.6536356e-01  1.5300000e+03
  9.6502233e-01  1.5350000e+03
  9.6480680e-01  1.5400000e+03
  9.6486944e-01  1.5450000e+03
  9.6493173e-01  1.5500000e+03
  9.6499354e-01  1.5550000e+03
  9.6505499e-01  1.5600000e+03
  9.6511602e-01  1.5650000e+03
  9.6517670e-01  1.5700000e+03
  9.6523702e-01  1.5750000e+03
  9.6529692e-01  1.5800000e+03
  9.6535641e-01  1.5850000e+03
  9.6541560e-01  1.5900000e+03
  9.6547437e-01  1.5950000e+03
  9.6553278e-01  1.6000000e+03
  9.6559083e-01  1.6050000e+03
  9.6564853e-01  1.6100000e+03
  9.6528912e-01  1.6150000e+03
  9.6435672e-01  1.6200000e+03
  9.6343005e-01  1.6250000e+03
  9.6250910e-01  1.6300000e+03
  9.6159375e-01  1.6350000e+03
  9.6068400e-01  1.6400000e+03
  9.5977974e-01  1.6450000e+03
  9.5888102e-01  1.6500000e+03
