 5.000e+01 1.650e+03 5.000e+00      321
  9.9094599e-01  5.0000000e+01
  9.9094599e-01  5.5000000e+01
  9.9094599e-01  6.0000000e+01
  9.9094599e-01  6.5000000e+01
  9.9094599e-01  7.0000000e+01
  9.9094599e-01  7.5000000e+01
  9.9094599e-01  8.0000000e+01
  9.9094599e-01  8.5000000e+01
  9.9094599e-01  9.0000000e+01
  9.9094599e-01  9.5000000e+01
  9.9094599e-01  1.0000000e+02
  9.9094599e-01  1.0500000e+02
  9.9094599e-01  1.1000000e+02
  9.9094599e-01  1.1500000e+02
  9.9094599e-01  1.2000000e+02
  9.9094599e-01  1.2500000e+02
  9.9094599e-01  1.3000000e+02
  9.9094599e-01  1.3500000e+02
  9.9094599e-01  1.4000000e+02
  9.9094599e-01  1.4500000e+02
  9.9094599e-01  1.5000000e+02
  9.9094599e-01  1.5500000e+02
  9.9094599e-01  1.6000000e+02
  9.9094599e-01  1.6500000e+02
  9.9094599e-01  1.7000000e+02
  9.9094599e-01  1.7500000e+02
  9.9094599e-01  1.8000000e+02
  9.9094599e-01  1.8500000e+02
  9.9094599e-01  1.9000000e+02
  9.9094599e-01  1.9500000e+02
  9.9094599e-01  2.0000000e+02
  9.9094599e-01  2.0500000e+02
  9.9094599e-01  2.1000000e+02
  9.9094599e-01  2.1500000e+02
  9.9094599e-01  2.2000000e+02
  9.9094599e-01  2.2500000e+02
  9.9094599e-01  2.3000000e+02
  9.9094599e-01  2.3500000e+02
  9.9094599e-01  2.4000000e+02
  9.9094599e-01  2.4500000e+02
  9.9094599e-01  2.5000000e+02
  9.9094599e-01  2.5500000e+02
  9.9094599e-01  2.6000000e+02
  9.9094599e-01  2.6500000e+02
  9.9094599e-01  2.7000000e+02
  9.9094599e-01  2.7500000e+02
  9.9094599e-01  2.8000000e+02
  9.9094599e-01  2.8500000e+02
  9.9094599e-01  2.9000000e+02
  9.9094599e-01  2.9500000e+02
  9.9094599e-01  3.0000000e+02
  9.9094599e-01  3.0500000e+02
  9.9094599e-01  3.1000000e+02
  9.9094599e-01  3.1500000e+02
  9.9094599e-01  3.2000000e+02
  9.9094599e-01  3.2500000e+02
  9.9094599e-01  3.3000000e+02
  9.9094599e-01  3.3500000e+02
  9.9094599e-01  3.4000000e+02
  9.9094599e-01  3.4500000e+02
  9.9094599e-01  3.5000000e+02
  9.9094599e-01  3.5500000e+02
  9.9094599e-01  3.6000000e+02
  9.9094599e-01  3.6500000e+02
  9.9094599e-01  3.7000000e+02
  9.9094599e-01  3.7500000e+02
  9.9094599e-01  3.8000000e+02
  9.9094599e-01  3.8500000e+02
  9.9094599e-01  3.9000000e+02
  9.9094599e-01  3.9500000e+02
  9.9094599e-01  4.0000000e+02
  9.9094599e-01  4.0500000e+02
  9.9094599e-01  4.1000000e+02
  9.9094599e-01  4.1500000e+02
  9.9094599e-01  4.2000000e+02
  9.9094599e-01  4.2500000e+02
  9.9094599e-01  4.3000000e+02
  9.9094599e-01  4.3500000e+02
  9.9094599e-01  4.4000000e+02
  9.9094599e-01  4.4500000e+02
  9.9094599e-01  4.5000000e+02
  9.9094599e-01  4.5500000e+02
  9.9094599e-01  4.6000000e+02
  9.9094599e-01  4.6500000e+02
  9.9094599e-01  4.7000000e+02
  9.9094599e-01  4.7500000e+02
  9.9094599e-01  4.8000000e+02
  9.9094599e-01  4.8500000e+02
  9.9094599e-01  4.9000000e+02
  9.9094599e-01  4.9500000e+02
  9.9094599e-01  5.0000000e+02
  9.9094599e-01  5.0500000e+02
  9.9094599e-01  5.1000000e+02
  9.9094599e-01  5.1500000e+02
  9.9094599e-01  5.2000000e+02
  9.9094599e-01  5.2500000e+02
  9.9094599e-01  5.3000000e+02
  9.9094599e-01  5.3500000e+02
  9.9094599e-01  5.4000000e+02
  9.9094599e-01  5.4500000e+02
  9.9094599e-01  5.5000000e+02
  9.9094599e-01  5.5500000e+02
  9.9094599e-01  5.6000000e+02
  9.9094599e-01  5.6500000e+02
  9.9094599e-01  5.7000000e+02
  9.9094599e-01  5.7500000e+02
  9.9094599e-01  5.8000000e+02
  9.9094599e-01  5.8500000e+02
  9.9094599e-01  5.9000000e+02
  9.9094599e-01  5.9500000e+02
  9.9094599e-01  6.0000000e+02
  9.9094599e-01  6.0500000e+02
  9.9094599e-01  6.1000000e+02
  9.9094599e-01  6.1500000e+02
  9.9094599e-01  6.2000000e+02
  9.9094599e-01  6.2500000e+02
  9.9094599e-01  6.3000000e+02
  9.9094599e-01  6.3500000e+02
  9.9094599e-01  6.4000000e+02
  9.9094599e-01  6.4500000e+02
  9.9094599e-01  6.5000000e+02
  9.9094599e-01  6.5500000e+02
  9.9094599e-01  6.6000000e+02
  9.9094599e-01  6.6500000e+02
  9.9094599e-01  6.7000000e+02
  9.9094599e-01  6.7500000e+02
  9.9094599e-01  6.8000000e+02
  9.9094599e-01  6.8500000e+02
  9.9094599e-01  6.9000000e+02
  9.9094599e-01  6.9500000e+02
  9.9094599e-01  7.0000000e+02
  9.9094599e-01  7.0500000e+02
  9.9094599e-01  7.1000000e+02
  9.9094599e-01  7.1500000e+02
  9.9090886e-01  7.2000000e+02
  9.9133795e-01  7.2500000e+02
  9.9185508e-01  7.3000000e+02
  9.9219984e-01  7.3500000e+02
  9.9235839e-01  7.4000000e+02
  9.9238771e-01  7.4500000e+02
  9.9232334e-01  7.5000000e+02
  9.9221307e-01  7.5500000e+02
  9.9212474e-01  7.6000000e+02
  9.9206471e-01  7.6500000e+02
  9.9200910e-01  7.7000000e+02
  9.9206775e-01  7.7500000e+02
  9.9222100e-01  7.8000000e+02
  9.9211937e-01  7.8500000e+02
  9.9183786e-01  7.9000000e+02
  9.9154645e-01  7.9500000e+02
  9.9146003e-01  8.0000000e+02
  9.9153763e-01  8.0500000e+02
  9.9155998e-01  8.1000000e+02
  9.9148786e-01  8.1500000e+02
  9.9130440e-01  8.2000000e+02
  9.9106789e-01  8.2500000e+02
  9.9097407e-01  8.3000000e+02
  9.9093086e-01  8.3500000e+02
  9.9087381e-01  8.4000000e+02
  9.9061382e-01  8.4500000e+02
  9.9038470e-01  8.5000000e+02
  9.9020630e-01  8.5500000e+02
  9.9014509e-01  8.6000000e+02
  9.9006104e-01  8.6500000e+02
  9.8996198e-01  8.7000000e+02
  9.8987001e-01  8.7500000e+02
  9.8974276e-01  8.8000000e+02
  9.8958898e-01  8.8500000e+02
  9.8947471e-01  8.9000000e+02
  9.8936975e-01  8.9500000e+02
  9.8927665e-01  9.0000000e+02
  9.8908401e-01  9.0500000e+02
  9.8888475e-01  9.1000000e+02
  9.8874658e-01  9.1500000e+02
  9.8871350e-01  9.2000000e+02
  9.8877811e-01  9.2500000e+02
  9.8879945e-01  9.3000000e+02
  9.8881000e-01  9.3500000e+02
  9.8881000e-01  9.4000000e+02
  9.8878664e-01  9.4500000e+02
  9.8871422e-01  9.5000000e+02
  9.8871458e-01  9.5500000e+02
  9.8878002e-01  9.6000000e+02
  9.8884106e-01  9.6500000e+02
  9.8889977e-01  9.7000000e+02
  9.8894054e-01  9.7500000e+02
  9.8897713e-01  9.8000000e+02
  9.8925674e-01  9.8500000e+02
  9.8955417e-01  9.9000000e+02
  9.8986346e-01  9.9500000e+02
  9.9017000e-01  1.0000000e+03
  9.9040878e-01  1.0050000e+03
  9.9064523e-01  1.0100000e+03
  9.9094623e-01  1.0150000e+03
  9.9124569e-01  1.0200000e+03
  9.9127001e-01  1.0250000e+03
  9.9127001e-01  1.0300000e+03
  9.9107534e-01  1.0350000e+03
  9.9083847e-01  1.0400000e+03
  9.9068958e-01  1.0450000e+03
  9.9058479e-01  1.0500000e+03
  9.9049163e-01  1.0550000e+03
  9.9041110e-01  1.0600000e+03
  9.9034792e-01  1.0650000e+03
  9.9033916e-01  1.0700000e+03
  9.9033046e-01  1.0750000e+03
  9.9031371e-01  1.0800000e+03
  9.9029666e-01  1.0850000e+03
  9.9018723e-01  1.0900000e+03
  9.9001968e-01  1.0950000e+03
  9.8989546e-01  1.1000000e+03
  9.8992014e-01  1.1050000e+03
  9.8994458e-01  1.1100000e+03
  9.8994058e-01  1.1150000e+03
  9.8992854e-01  1.1200000e+03
  9.8988223e-01  1.1250000e+03
  9.8974848e-01  1.1300000e+03
  9.8961598e-01  1.1350000e+03
  9.8955756e-01  1.1400000e+03
  9.8952693e-01  1.1450000e+03
  9.8950392e-01  1.1500000e+03
  9.8953778e-01  1.1550000e+03
  9.8957139e-01  1.1600000e+03
  9.8986727e-01  1.1650000e+03
  9.9049085e-01  1.1700000e+03
  9.9110913e-01  1.1750000e+03
  9.9140185e-01  1.1800000e+03
  9.9155921e-01  1.1850000e+03
  9.9171519e-01  1.1900000e+03
  9.9179995e-01  1.1950000e+03
  9.9187666e-01  1.2000000e+03
  9.9194789e-01  1.2050000e+03
  9.9188960e-01  1.2100000e+03
  9.9183178e-01  1.2150000e+03
  9.9178064e-01  1.2200000e+03
  9.9178737e-01  1.2250000e+03
  9.9179399e-01  1.2300000e+03
  9.9180937e-01  1.2350000e+03
  9.9191707e-01  1.2400000e+03
  9.9202400e-01  1.2450000e+03
  9.9212998e-01  1.2500000e+03
  9.9209493e-01  1.2550000e+03
  9.9206018e-01  1.2600000e+03
  9.9202567e-01  1.2650000e+03
  9.9191344e-01  1.2700000e+03
  9.9178684e-01  1.2750000e+03
  9.9166125e-01  1.2800000e+03
  9.9160999e-01  1.2850000e+03
  9.9160999e-01  1.2900000e+03
  9.9160999e-01  1.2950000e+03
  9.9161232e-01  1.3000000e+03
  9.9162114e-01  1.3050000e+03
  9.9162990e-01  1.3100000e+03
  9.9163866e-01  1.3150000e+03
  9.9148726e-01  1.3200000e+03
  9.9130720e-01  1.3250000e+03
  9.9112844e-01  1.3300000e+03
  9.9103904e-01  1.3350000e+03
  9.9112564e-01  1.3400000e+03
  9.9121165e-01  1.3450000e+03
  9.9129707e-01  1.3500000e+03
  9.9130803e-01  1.3550000e+03
  9.9129176e-01  1.3600000e+03
  9.9127561e-01  1.3650000e+03
  9.9125606e-01  1.3700000e+03
  9.9111271e-01  1.3750000e+03
  9.9097043e-01  1.3800000e+03
  9.9082917e-01  1.3850000e+03
  9.9069124e-01  1.3900000e+03
  9.9056232e-01  1.3950000e+03
  9.9043429e-01  1.4000000e+03
  9.9030721e-01  1.4050000e+03
  9.9025899e-01  1.4100000e+03
  9.9038434e-01  1.4150000e+03
  9.9050874e-01  1.4200000e+03
  9.9063230e-01  1.4250000e+03
  9.9069554e-01  1.4300000e+03
  9.9061024e-01  1.4350000e+03
  9.9052554e-01  1.4400000e+03
  9.9044144e-01  1.4450000e+03
  9.9036723e-01  1.4500000e+03
  9.9034828e-01  1.4550000e+03
  9.9032944e-01  1.4600000e+03
  9.9031073e-01  1.4650000e+03
  9.9029219e-01  1.4700000e+03
  9.9047506e-01  1.4750000e+03
  9.9068350e-01  1.4800000e+03
  9.9089056e-01  1.4850000e+03
  9.9109620e-01  1.4900000e+03
  9.9114150e-01  1.4950000e+03
  9.9102336e-01  1.5000000e+03
  9.9090594e-01  1.5050000e+03
  9.9078935e-01  1.5100000e+03
  9.9067348e-01  1.5150000e+03
  9.9063420e-01  1.5200000e+03
  9.9059755e-01  1.5250000e+03
  9.9056113e-01  1.5300000e+03
  9.9052495e-01  1.5350000e+03
  9.9050713e-01  1.5400000e+03
  9.9053025e-01  1.5450000e+03
  9.9055320e-01  1.5500000e+03
  9.9057603e-01  1.5550000e+03
  9.9059874e-01  1.5600000e+03
  9.9061304e-01  1.5650000e+03
  9.9061918e-01  1.5700000e+03
  9.9062526e-01  1.5750000e+03
  9.9063128e-01  1.5800000e+03
  9.9063724e-01  1.5850000e+03
  9.9035776e-01  1.5900000e+03
  9.8983723e-01  1.5950000e+03
  9.8931998e-01  1.6000000e+03
  9.8880601e-01  1.6050000e+03
  9.8829514e-01  1.6100000e+03
  9.8811430e-01  1.6150000e+03
  9.8838568e-01  1.6200000e+03
  9.8865539e-01  1.6250000e+03
  9.8892343e-01  1.6300000e+03
  9.8918986e-01  1.6350000e+03
  9.8940217e-01  1.6400000e+03
  9.8926687e-01  1.6450000e+03
  9.8913240e-01  1.6500000e+03
