 5.000e+01 1.650e+03 5.000e+00      321
  8.3053946e-01  5.0000000e+01
  8.3163989e-01  5.5000000e+01
  8.3281726e-01  6.0000000e+01
  8.3374602e-01  6.5000000e+01
  8.3437181e-01  7.0000000e+01
  8.3483696e-01  7.5000000e+01
  8.3522934e-01  8.0000000e+01
  8.3571798e-01  8.5000000e+01
  8.3642131e-01  9.0000000e+01
  8.3704311e-01  9.5000000e+01
  8.3760124e-01  1.0000000e+02
  8.3950216e-01  1.0500000e+02
  8.4123027e-01  1.1000000e+02
  8.4268171e-01  1.1500000e+02
  8.4397751e-01  1.2000000e+02
  8.4516966e-01  1.2500000e+02
  8.4635329e-01  1.3000000e+02
  8.4744924e-01  1.3500000e+02
  8.4846687e-01  1.4000000e+02
  8.5003108e-01  1.4500000e+02
  8.5228598e-01  1.5000000e+02
  8.5437471e-01  1.5500000e+02
  8.5626638e-01  1.6000000e+02
  8.5804337e-01  1.6500000e+02
  8.6106128e-01  1.7000000e+02
  8.6456019e-01  1.7500000e+02
  8.6786473e-01  1.8000000e+02
  8.7104303e-01  1.8500000e+02
  8.7408316e-01  1.9000000e+02
  8.7696737e-01  1.9500000e+02
  8.7970746e-01  2.0000000e+02
  8.8322157e-01  2.0500000e+02
  8.8656837e-01  2.1000000e+02
  8.8975948e-01  2.1500000e+02
  8.9280552e-01  2.2000000e+02
  8.9531291e-01  2.2500000e+02
  8.9739573e-01  2.3000000e+02
  8.9938986e-01  2.3500000e+02
  9.0130091e-01  2.4000000e+02
  9.0313399e-01  2.4500000e+02
  9.0489370e-01  2.5000000e+02
  9.0564984e-01  2.5500000e+02
  9.0637684e-01  2.6000000e+02
  9.0707648e-01  2.6500000e+02
  9.0775013e-01  2.7000000e+02
  9.0839934e-01  2.7500000e+02
  9.0902537e-01  2.8000000e+02
  9.0962940e-01  2.8500000e+02
  9.0958017e-01  2.9000000e+02
  9.0942895e-01  2.9500000e+02
  9.0928280e-01  3.0000000e+02
  9.0914148e-01  3.0500000e+02
  9.0900469e-01  3.1000000e+02
  9.0887225e-01  3.1500000e+02
  9.0874392e-01  3.2000000e+02
  9.0861952e-01  3.2500000e+02
  9.0849894e-01  3.3000000e+02
  9.0834665e-01  3.3500000e+02
  9.0812939e-01  3.4000000e+02
  9.0791839e-01  3.4500000e+02
  9.0771341e-01  3.5000000e+02
  9.0751427e-01  3.5500000e+02
  9.0738082e-01  3.6000000e+02
  9.0737998e-01  3.6500000e+02
  9.0737915e-01  3.7000000e+02
  9.0737832e-01  3.7500000e+02
  9.0737754e-01  3.8000000e+02
  9.0737677e-01  3.8500000e+02
  9.0737599e-01  3.9000000e+02
  9.0737528e-01  3.9500000e+02
  9.0737456e-01  4.0000000e+02
  9.0748841e-01  4.0500000e+02
  9.0759951e-01  4.1000000e+02
  9.0770799e-01  4.1500000e+02
  9.0781379e-01  4.2000000e+02
  9.0791714e-01  4.2500000e+02
  9.0801811e-01  4.3000000e+02
  9.0811676e-01  4.3500000e+02
  9.0821314e-01  4.4000000e+02
  9.0830511e-01  4.4500000e+02
  9.0837705e-01  4.5000000e+02
  9.0844738e-01  4.5500000e+02
  9.0851623e-01  4.6000000e+02
  9.0858358e-01  4.6500000e+02
  9.0862679e-01  4.7000000e+02
  9.0847456e-01  4.7500000e+02
  9.0832543e-01  4.8000000e+02
  9.0817940e-01  4.8500000e+02
  9.0803635e-01  4.9000000e+02
  9.0789616e-01  4.9500000e+02
  9.0775883e-01  5.0000000e+02
  9.0764678e-01  5.0500000e+02
  9.0753686e-01  5.1000000e+02
  9.0742910e-01  5.1500000e+02
  9.0732348e-01  5.2000000e+02
  9.0721983e-01  5.2500000e+02
  9.0711808e-01  5.3000000e+02
  9.0701830e-01  5.3500000e+02
  9.0692031e-01  5.4000000e+02
  9.0717274e-01  5.4500000e+02
  9.0746248e-01  5.5000000e+02
  9.0774697e-01  5.5500000e+02
  9.0819907e-01  5.6000000e+02
  9.0866464e-01  5.6500000e+02
  9.0912199e-01  5.7000000e+02
  9.0957141e-01  5.7500000e+02
  9.1001308e-01  5.8000000e+02
  9.1054535e-01  5.8500000e+02
  9.1110629e-01  5.9000000e+02
  9.1165781e-01  5.9500000e+02
  9.1220009e-01  6.0000000e+02
  9.1273344e-01  6.0500000e+02
  9.1327512e-01  6.1000000e+02
  9.1413748e-01  6.1500000e+02
  9.1498590e-01  6.2000000e+02
  9.1582078e-01  6.2500000e+02
  9.1664243e-01  6.3000000e+02
  9.1745108e-01  6.3500000e+02
  9.1824716e-01  6.4000000e+02
  9.1903085e-01  6.4500000e+02
  9.1980255e-01  6.5000000e+02
  9.2056239e-01  6.5500000e+02
  9.2131072e-01  6.6000000e+02
  9.2204785e-01  6.6500000e+02
  9.2294735e-01  6.7000000e+02
  9.2391950e-01  6.7500000e+02
  9.2490071e-01  6.8000000e+02
  9.2587119e-01  6.8500000e+02
  9.2682761e-01  6.9000000e+02
  9.2777026e-01  6.9500000e+02
  9.2869943e-01  7.0000000e+02
  9.2961550e-01  7.0500000e+02
  9.3051857e-01  7.1000000e+02
  9.3150401e-01  7.1500000e+02
  9.3304157e-01  7.2000000e+02
  9.3455786e-01  7.2500000e+02
  9.3605345e-01  7.3000000e+02
  9.3752867e-01  7.3500000e+02
  9.3898392e-01  7.4000000e+02
  9.4041967e-01  7.4500000e+02
  9.4183624e-01  7.5000000e+02
  9.4323409e-01  7.5500000e+02
  9.4461352e-01  7.6000000e+02
  9.4597495e-01  7.6500000e+02
  9.4738889e-01  7.7000000e+02
  9.4916826e-01  7.7500000e+02
  9.5092481e-01  7.8000000e+02
  9.5265901e-01  7.8500000e+02
  9.5437121e-01  7.9000000e+02
  9.5606190e-01  7.9500000e+02
  9.5773149e-01  8.0000000e+02
  9.5941162e-01  8.0500000e+02
  9.6107107e-01  8.1000000e+02
  9.6271014e-01  8.1500000e+02
  9.6432918e-01  8.2000000e+02
  9.6592867e-01  8.2500000e+02
  9.6750885e-01  8.3000000e+02
  9.6907008e-01  8.3500000e+02
  9.7061276e-01  8.4000000e+02
  9.7213715e-01  8.4500000e+02
  9.7364366e-01  8.5000000e+02
  9.7513252e-01  8.5500000e+02
  9.7660404e-01  8.6000000e+02
  9.7805858e-01  8.6500000e+02
  9.7940451e-01  8.7000000e+02
  9.7977543e-01  8.7500000e+02
  9.8014212e-01  8.8000000e+02
  9.8050475e-01  8.8500000e+02
  9.8086321e-01  8.9000000e+02
  9.8121774e-01  8.9500000e+02
  9.8156828e-01  9.0000000e+02
  9.8191500e-01  9.0500000e+02
  9.8217368e-01  9.1000000e+02
  9.8205262e-01  9.1500000e+02
  9.8193294e-01  9.2000000e+02
  9.8181450e-01  9.2500000e+02
  9.8169738e-01  9.3000000e+02
  9.8158145e-01  9.3500000e+02
  9.8146683e-01  9.4000000e+02
  9.8130500e-01  9.4500000e+02
  9.8089308e-01  9.5000000e+02
  9.8048544e-01  9.5500000e+02
  9.8008204e-01  9.6000000e+02
  9.7968286e-01  9.6500000e+02
  9.7928774e-01  9.7000000e+02
  9.7889674e-01  9.7500000e+02
  9.7850966e-01  9.8000000e+02
  9.7812659e-01  9.8500000e+02
  9.7774732e-01  9.9000000e+02
  9.7737187e-01  9.9500000e+02
  9.7700024e-01  1.0000000e+03
  9.7664618e-01  1.0050000e+03
  9.7629559e-01  1.0100000e+03
  9.7594851e-01  1.0150000e+03
  9.7560483e-01  1.0200000e+03
  9.7530454e-01  1.0250000e+03
  9.7501081e-01  1.0300000e+03
  9.7471982e-01  1.0350000e+03
  9.7443169e-01  1.0400000e+03
  9.7414631e-01  1.0450000e+03
  9.7386360e-01  1.0500000e+03
  9.7359997e-01  1.0550000e+03
  9.7335690e-01  1.0600000e+03
  9.7311610e-01  1.0650000e+03
  9.7287750e-01  1.0700000e+03
  9.7264117e-01  1.0750000e+03
  9.7240704e-01  1.0800000e+03
  9.7217506e-01  1.0850000e+03
  9.7196072e-01  1.0900000e+03
  9.7175831e-01  1.0950000e+03
  9.7155774e-01  1.1000000e+03
  9.7135901e-01  1.1050000e+03
  9.7116202e-01  1.1100000e+03
  9.7097182e-01  1.1150000e+03
  9.7078466e-01  1.1200000e+03
  9.7059923e-01  1.1250000e+03
  9.7041547e-01  1.1300000e+03
  9.7023326e-01  1.1350000e+03
  9.7005272e-01  1.1400000e+03
  9.6987367e-01  1.1450000e+03
  9.6969813e-01  1.1500000e+03
  9.6953857e-01  1.1550000e+03
  9.6938038e-01  1.1600000e+03
  9.6922356e-01  1.1650000e+03
  9.6906805e-01  1.1700000e+03
  9.6891391e-01  1.1750000e+03
  9.6877241e-01  1.1800000e+03
  9.6863687e-01  1.1850000e+03
  9.6850240e-01  1.1900000e+03
  9.6836913e-01  1.1950000e+03
  9.6823692e-01  1.2000000e+03
  9.6810585e-01  1.2050000e+03
  9.6797580e-01  1.2100000e+03
  9.6784687e-01  1.2150000e+03
  9.6771878e-01  1.2200000e+03
  9.6759009e-01  1.2250000e+03
  9.6746248e-01  1.2300000e+03
  9.6733588e-01  1.2350000e+03
  9.6721029e-01  1.2400000e+03
  9.6708572e-01  1.2450000e+03
  9.6696210e-01  1.2500000e+03
  9.6683955e-01  1.2550000e+03
  9.6671790e-01  1.2600000e+03
  9.6659726e-01  1.2650000e+03
  9.6647966e-01  1.2700000e+03
  9.6636343e-01  1.2750000e+03
  9.6624810e-01  1.2800000e+03
  9.6613365e-01  1.2850000e+03
  9.6602011e-01  1.2900000e+03
  9.6590745e-01  1.2950000e+03
  9.6579564e-01  1.3000000e+03
  9.6568471e-01  1.3050000e+03
  9.6557462e-01  1.3100000e+03
  9.6546531e-01  1.3150000e+03
  9.6535689e-01  1.3200000e+03
  9.6524930e-01  1.3250000e+03
  9.6514249e-01  1.3300000e+03
  9.6503645e-01  1.3350000e+03
  9.6493125e-01  1.3400000e+03
  9.6482682e-01  1.3450000e+03
  9.6472317e-01  1.3500000e+03
  9.6462023e-01  1.3550000e+03
  9.6451813e-01  1.3600000e+03
  9.6441674e-01  1.3650000e+03
  9.6431607e-01  1.3700000e+03
  9.6421617e-01  1.3750000e+03
  9.6411699e-01  1.3800000e+03
  9.6401846e-01  1.3850000e+03
  9.6390796e-01  1.3900000e+03
  9.6375358e-01  1.3950000e+03
  9.6360034e-01  1.4000000e+03
  9.6344823e-01  1.4050000e+03
  9.6329719e-01  1.4100000e+03
  9.6314716e-01  1.4150000e+03
  9.6299821e-01  1.4200000e+03
  9.6285033e-01  1.4250000e+03
  9.6270347e-01  1.4300000e+03
  9.6255761e-01  1.4350000e+03
  9.6241283e-01  1.4400000e+03
  9.6226901e-01  1.4450000e+03
  9.6212614e-01  1.4500000e+03
  9.6198428e-01  1.4550000e+03
  9.6184343e-01  1.4600000e+03
  9.6170354e-01  1.4650000e+03
  9.6156454e-01  1.4700000e+03
  9.6142656e-01  1.4750000e+03
  9.6128947e-01  1.4800000e+03
  9.6115327e-01  1.4850000e+03
  9.6101803e-01  1.4900000e+03
  9.6088368e-01  1.4950000e+03
  9.6075022e-01  1.5000000e+03
  9.6061766e-01  1.5050000e+03
  9.6048599e-01  1.5100000e+03
  9.6035516e-01  1.5150000e+03
  9.6022516e-01  1.5200000e+03
  9.6009606e-01  1.5250000e+03
  9.5996785e-01  1.5300000e+03
  9.5984042e-01  1.5350000e+03
  9.5963717e-01  1.5400000e+03
  9.5926338e-01  1.5450000e+03
  9.5889199e-01  1.5500000e+03
  9.5852298e-01  1.5550000e+03
  9.5815635e-01  1.5600000e+03
  9.5779204e-01  1.5650000e+03
  9.5743006e-01  1.5700000e+03
  9.5707041e-01  1.5750000e+03
  9.5671302e-01  1.5800000e+03
  9.5635790e-01  1.5850000e+03
  9.5600498e-01  1.5900000e+03
  9.5565426e-01  1.5950000e+03
  9.5530581e-01  1.6000000e+03
  9.5495945e-01  1.6050000e+03
  9.5461529e-01  1.6100000e+03
  9.5492965e-01  1.6150000e+03
  9.5614809e-01  1.6200000e+03
  9.5735908e-01  1.6250000e+03
  9.5856261e-01  1.6300000e+03
  9.5975882e-01  1.6350000e+03
  9.6094769e-01  1.6400000e+03
  9.6212935e-01  1.6450000e+03
  9.6330386e-01  1.6500000e+03
