 5.000e+01 1.650e+03 5.000e+00      321
  9.5535350e-01  5.0000000e+01
  9.5535350e-01  5.5000000e+01
  9.5535350e-01  6.0000000e+01
  9.5535350e-01  6.5000000e+01
  9.5535350e-01  7.0000000e+01
  9.5535350e-01  7.5000000e+01
  9.5535350e-01  8.0000000e+01
  9.5535350e-01  8.5000000e+01
  9.5535350e-01  9.0000000e+01
  9.5535350e-01  9.5000000e+01
  9.5535350e-01  1.0000000e+02
  9.5535350e-01  1.0500000e+02
  9.5535350e-01  1.1000000e+02
  9.5535350e-01  1.1500000e+02
  9.5535350e-01  1.2000000e+02
  9.5535350e-01  1.2500000e+02
  9.5535350e-01  1.3000000e+02
  9.5535350e-01  1.3500000e+02
  9.5535350e-01  1.4000000e+02
  9.5535350e-01  1.4500000e+02
  9.5535350e-01  1.5000000e+02
  9.5535350e-01  1.5500000e+02
  9.5535350e-01  1.6000000e+02
  9.5535350e-01  1.6500000e+02
  9.5535350e-01  1.7000000e+02
  9.5535350e-01  1.7500000e+02
  9.5535350e-01  1.8000000e+02
  9.5535350e-01  1.8500000e+02
  9.5535350e-01  1.9000000e+02
  9.5535350e-01  1.9500000e+02
  9.5535350e-01  2.0000000e+02
  9.5535350e-01  2.0500000e+02
  9.5535350e-01  2.1000000e+02
  9.5535350e-01  2.1500000e+02
  9.5535350e-01  2.2000000e+02
  9.5535350e-01  2.2500000e+02
  9.5535350e-01  2.3000000e+02
  9.5535350e-01  2.3500000e+02
  9.5535350e-01  2.4000000e+02
  9.5535350e-01  2.4500000e+02
  9.5535350e-01  2.5000000e+02
  9.5535350e-01  2.5500000e+02
  9.5535350e-01  2.6000000e+02
  9.5535350e-01  2.6500000e+02
  9.5535350e-01  2.7000000e+02
  9.5535350e-01  2.7500000e+02
  9.5535350e-01  2.8000000e+02
  9.5535350e-01  2.8500000e+02
  9.5622778e-01  2.9000000e+02
  9.5721567e-01  2.9500000e+02
  9.5817059e-01  3.0000000e+02
  9.5909429e-01  3.0500000e+02
  9.5998812e-01  3.1000000e+02
  9.6085358e-01  3.1500000e+02
  9.6169198e-01  3.2000000e+02
  9.6250463e-01  3.2500000e+02
  9.6329266e-01  3.3000000e+02
  9.6271712e-01  3.3500000e+02
  9.5951790e-01  3.4000000e+02
  9.5641136e-01  3.4500000e+02
  9.5339364e-01  3.5000000e+02
  9.5046091e-01  3.5500000e+02
  9.4991839e-01  3.6000000e+02
  9.5433301e-01  3.6500000e+02
  9.5862830e-01  3.7000000e+02
  9.6280909e-01  3.7500000e+02
  9.6687984e-01  3.8000000e+02
  9.7084486e-01  3.8500000e+02
  9.7470826e-01  3.9000000e+02
  9.7847378e-01  3.9500000e+02
  9.8214519e-01  4.0000000e+02
  9.8058552e-01  4.0500000e+02
  9.7906381e-01  4.1000000e+02
  9.7757882e-01  4.1500000e+02
  9.7612917e-01  4.2000000e+02
  9.7471362e-01  4.2500000e+02
  9.7333097e-01  4.3000000e+02
  9.7198015e-01  4.3500000e+02
  9.7066003e-01  4.4000000e+02
  9.6938288e-01  4.4500000e+02
  9.6823978e-01  4.5000000e+02
  9.6712178e-01  4.5500000e+02
  9.6602809e-01  4.6000000e+02
  9.6495789e-01  4.6500000e+02
  9.6279526e-01  4.7000000e+02
  9.5109767e-01  4.7500000e+02
  9.3964380e-01  4.8000000e+02
  9.2842615e-01  4.8500000e+02
  9.1743737e-01  4.9000000e+02
  9.0667063e-01  4.9500000e+02
  8.9611918e-01  5.0000000e+02
  8.9767200e-01  5.0500000e+02
  8.9919442e-01  5.1000000e+02
  9.0068722e-01  5.1500000e+02
  9.0215135e-01  5.2000000e+02
  9.0358758e-01  5.2500000e+02
  9.0499669e-01  5.3000000e+02
  9.0637946e-01  5.3500000e+02
  9.0773666e-01  5.4000000e+02
  9.1398460e-01  5.4500000e+02
  9.2070937e-01  5.5000000e+02
  9.2731297e-01  5.5500000e+02
  9.3816054e-01  5.6000000e+02
  9.4935650e-01  5.6500000e+02
  9.6035606e-01  5.7000000e+02
  9.7116429e-01  5.7500000e+02
  9.8178619e-01  5.8000000e+02
  9.8387676e-01  5.8500000e+02
  9.8272723e-01  5.9000000e+02
  9.8159695e-01  5.9500000e+02
  9.8048556e-01  6.0000000e+02
  9.7939253e-01  6.0500000e+02
  9.7834021e-01  6.1000000e+02
  9.7774589e-01  6.1500000e+02
  9.7716111e-01  6.2000000e+02
  9.7658575e-01  6.2500000e+02
  9.7601950e-01  6.3000000e+02
  9.7546214e-01  6.3500000e+02
  9.7491354e-01  6.4000000e+02
  9.7437340e-01  6.4500000e+02
  9.7384161e-01  6.5000000e+02
  9.7331792e-01  6.5500000e+02
  9.7280216e-01  6.6000000e+02
  9.7229415e-01  6.6500000e+02
  9.7202486e-01  6.7000000e+02
  9.7187424e-01  6.7500000e+02
  9.7197163e-01  6.8000000e+02
  9.7210568e-01  6.8500000e+02
  9.7223783e-01  6.9000000e+02
  9.7236806e-01  6.9500000e+02
  9.7249645e-01  7.0000000e+02
  9.7262299e-01  7.0500000e+02
  9.7274774e-01  7.1000000e+02
  9.7395611e-01  7.1500000e+02
  9.7721642e-01  7.2000000e+02
  9.7727752e-01  7.2500000e+02
  9.7718328e-01  7.3000000e+02
  9.7651428e-01  7.3500000e+02
  9.7564501e-01  7.4000000e+02
  9.7494608e-01  7.4500000e+02
  9.7416806e-01  7.5000000e+02
  9.7330588e-01  7.5500000e+02
  9.7242999e-01  7.6000000e+02
  9.7161192e-01  7.6500000e+02
  9.6841431e-01  7.7000000e+02
  9.6935380e-01  7.7500000e+02
  9.6789455e-01  7.8000000e+02
  9.6642512e-01  7.8500000e+02
  9.6497297e-01  7.9000000e+02
  9.6357065e-01  7.9500000e+02
  9.8394275e-01  8.0000000e+02
  9.7037041e-01  8.0500000e+02
  9.8063058e-01  8.1000000e+02
  9.8629665e-01  8.1500000e+02
  9.8415512e-01  8.2000000e+02
  9.8191643e-01  8.2500000e+02
  9.7989923e-01  8.3000000e+02
  9.7944850e-01  8.3500000e+02
  9.7888505e-01  8.4000000e+02
  9.7834957e-01  8.4500000e+02
  9.7773331e-01  8.5000000e+02
  9.7698230e-01  8.5500000e+02
  9.7589421e-01  8.6000000e+02
  9.7436410e-01  8.6500000e+02
  9.7193015e-01  8.7000000e+02
  9.7141808e-01  8.7500000e+02
  9.7094464e-01  8.8000000e+02
  9.7050142e-01  8.8500000e+02
  9.6999955e-01  8.9000000e+02
  9.6954012e-01  8.9500000e+02
  9.6913475e-01  9.0000000e+02
  9.6878994e-01  9.0500000e+02
  9.6850967e-01  9.1000000e+02
  9.6844959e-01  9.1500000e+02
  9.6817338e-01  9.2000000e+02
  9.6769607e-01  9.2500000e+02
  9.6722704e-01  9.3000000e+02
  9.6676964e-01  9.3500000e+02
  9.6638072e-01  9.4000000e+02
  9.6597016e-01  9.4500000e+02
  9.6540618e-01  9.5000000e+02
  9.6486533e-01  9.5500000e+02
  9.6434575e-01  9.6000000e+02
  9.6393973e-01  9.6500000e+02
  9.6358567e-01  9.7000000e+02
  9.6339178e-01  9.7500000e+02
  9.6323287e-01  9.8000000e+02
  9.6316952e-01  9.8500000e+02
  9.6311474e-01  9.9000000e+02
  9.6288025e-01  9.9500000e+02
  9.6264446e-01  1.0000000e+03
  9.6204567e-01  1.0050000e+03
  9.6145284e-01  1.0100000e+03
  9.6058697e-01  1.0150000e+03
  9.5972389e-01  1.0200000e+03
  9.5767647e-01  1.0250000e+03
  9.5554340e-01  1.0300000e+03
  9.5332390e-01  1.0350000e+03
  9.5110148e-01  1.0400000e+03
  9.4899917e-01  1.0450000e+03
  9.4696611e-01  1.0500000e+03
  9.4077748e-01  1.0550000e+03
  9.3003052e-01  1.0600000e+03
  9.1942936e-01  1.0650000e+03
  9.0907341e-01  1.0700000e+03
  8.9881384e-01  1.0750000e+03
  8.8841820e-01  1.0800000e+03
  8.7810534e-01  1.0850000e+03
  8.7165272e-01  1.0900000e+03
  8.6766881e-01  1.0950000e+03
  8.6378163e-01  1.1000000e+03
  8.6014366e-01  1.1050000e+03
  8.5653841e-01  1.1100000e+03
  8.5547674e-01  1.1150000e+03
  8.5513884e-01  1.1200000e+03
  8.5505259e-01  1.1250000e+03
  8.5560107e-01  1.1300000e+03
  8.5614473e-01  1.1350000e+03
  8.5671729e-01  1.1400000e+03
  8.5729736e-01  1.1450000e+03
  8.6055064e-01  1.1500000e+03
  8.8430893e-01  1.1550000e+03
  9.0786242e-01  1.1600000e+03
  9.1566163e-01  1.1650000e+03
  9.0226895e-01  1.1700000e+03
  8.7152034e-01  1.1750000e+03
  8.6285633e-01  1.1800000e+03
  8.6338520e-01  1.1850000e+03
  8.6405081e-01  1.1900000e+03
  8.6767995e-01  1.1950000e+03
  8.7239736e-01  1.2000000e+03
  8.7791151e-01  1.2050000e+03
  8.8236344e-01  1.2100000e+03
  8.8616377e-01  1.2150000e+03
  8.8954824e-01  1.2200000e+03
  8.9351857e-01  1.2250000e+03
  8.9745653e-01  1.2300000e+03
  9.0136474e-01  1.2350000e+03
  9.0526307e-01  1.2400000e+03
  9.0913010e-01  1.2450000e+03
  9.1296613e-01  1.2500000e+03
  9.1673958e-01  1.2550000e+03
  9.2048305e-01  1.2600000e+03
  9.2419696e-01  1.2650000e+03
  9.2885989e-01  1.2700000e+03
  9.3343818e-01  1.2750000e+03
  9.3714714e-01  1.2800000e+03
  9.4311213e-01  1.2850000e+03
  9.5061415e-01  1.2900000e+03
  9.5554674e-01  1.2950000e+03
  9.6120113e-01  1.3000000e+03
  9.6945924e-01  1.3050000e+03
  9.7555649e-01  1.3100000e+03
  9.7997922e-01  1.3150000e+03
  9.8222387e-01  1.3200000e+03
  9.8396719e-01  1.3250000e+03
  9.8494077e-01  1.3300000e+03
  9.8585737e-01  1.3350000e+03
  9.8666799e-01  1.3400000e+03
  9.8800462e-01  1.3450000e+03
  9.8977643e-01  1.3500000e+03
  9.9130136e-01  1.3550000e+03
  9.9272877e-01  1.3600000e+03
  9.9083477e-01  1.3650000e+03
  9.8857051e-01  1.3700000e+03
  9.8698699e-01  1.3750000e+03
  9.8563212e-01  1.3800000e+03
  9.8563927e-01  1.3850000e+03
  9.8560172e-01  1.3900000e+03
  9.8540843e-01  1.3950000e+03
  9.8521650e-01  1.4000000e+03
  9.8502594e-01  1.4050000e+03
  9.8482358e-01  1.4100000e+03
  9.8459357e-01  1.4150000e+03
  9.8436517e-01  1.4200000e+03
  9.8413831e-01  1.4250000e+03
  9.8391384e-01  1.4300000e+03
  9.8369271e-01  1.4350000e+03
  9.8347312e-01  1.4400000e+03
  9.8325503e-01  1.4450000e+03
  9.8304588e-01  1.4500000e+03
  9.8288149e-01  1.4550000e+03
  9.8271829e-01  1.4600000e+03
  9.8255616e-01  1.4650000e+03
  9.8239511e-01  1.4700000e+03
  9.8219001e-01  1.4750000e+03
  9.8198026e-01  1.4800000e+03
  9.8177195e-01  1.4850000e+03
  9.8156500e-01  1.4900000e+03
  9.8136300e-01  1.4950000e+03
  9.8116606e-01  1.5000000e+03
  9.8097044e-01  1.5050000e+03
  9.8077613e-01  1.5100000e+03
  9.8058307e-01  1.5150000e+03
  9.8041070e-01  1.5200000e+03
  9.8024011e-01  1.5250000e+03
  9.8007065e-01  1.5300000e+03
  9.7990227e-01  1.5350000e+03
  9.7979224e-01  1.5400000e+03
  9.7981131e-01  1.5450000e+03
  9.7983032e-01  1.5500000e+03
  9.7984916e-01  1.5550000e+03
  9.7986788e-01  1.5600000e+03
  9.7989351e-01  1.5650000e+03
  9.7992587e-01  1.5700000e+03
  9.7995800e-01  1.5750000e+03
  9.7999001e-01  1.5800000e+03
  9.8002177e-01  1.5850000e+03
  9.8001409e-01  1.5900000e+03
  9.7997314e-01  1.5950000e+03
  9.7993243e-01  1.6000000e+03
  9.7989196e-01  1.6050000e+03
  9.7985178e-01  1.6100000e+03
  9.7963279e-01  1.6150000e+03
  9.7916812e-01  1.6200000e+03
  9.7870630e-01  1.6250000e+03
  9.7824728e-01  1.6300000e+03
  9.7779113e-01  1.6350000e+03
  9.7734755e-01  1.6400000e+03
  9.7697186e-01  1.6450000e+03
  9.7659838e-01  1.6500000e+03
