 5.000e+01 1.650e+03 5.000e+00      321
  9.9735200e-01  5.0000000e+01
  9.9735200e-01  5.5000000e+01
  9.9735200e-01  6.0000000e+01
  9.9735200e-01  6.5000000e+01
  9.9735200e-01  7.0000000e+01
  9.9735200e-01  7.5000000e+01
  9.9735200e-01  8.0000000e+01
  9.9735200e-01  8.5000000e+01
  9.9735200e-01  9.0000000e+01
  9.9735200e-01  9.5000000e+01
  9.9735200e-01  1.0000000e+02
  9.9734014e-01  1.0500000e+02
  9.9732047e-01  1.1000000e+02
  9.9729115e-01  1.1500000e+02
  9.9725050e-01  1.2000000e+02
  9.9719799e-01  1.2500000e+02
  9.9713081e-01  1.3000000e+02
  9.9705517e-01  1.3500000e+02
  9.9697435e-01  1.4000000e+02
  9.9689794e-01  1.4500000e+02
  9.9682754e-01  1.5000000e+02
  9.9676216e-01  1.5500000e+02
  9.9669099e-01  1.6000000e+02
  9.9658185e-01  1.6500000e+02
  9.9636889e-01  1.7000000e+02
  9.9604136e-01  1.7500000e+02
  9.9568814e-01  1.8000000e+02
  9.9539405e-01  1.8500000e+02
  9.9506319e-01  1.9000000e+02
  9.9460971e-01  1.9500000e+02
  9.9397904e-01  2.0000000e+02
  9.9316734e-01  2.0500000e+02
  9.9239528e-01  2.1000000e+02
  9.9226230e-01  2.1500000e+02
  9.9302435e-01  2.2000000e+02
  9.9399608e-01  2.2500000e+02
  9.9467033e-01  2.3000000e+02
  9.9499977e-01  2.3500000e+02
  9.9513167e-01  2.4000000e+02
  9.9520749e-01  2.4500000e+02
  9.9520111e-01  2.5000000e+02
  9.9519628e-01  2.5500000e+02
  9.9519300e-01  2.6000000e+02
  9.9518549e-01  2.6500000e+02
  9.9517649e-01  2.7000000e+02
  9.9514228e-01  2.7500000e+02
  9.9510795e-01  2.8000000e+02
  9.9503070e-01  2.8500000e+02
  9.9495035e-01  2.9000000e+02
  9.9479777e-01  2.9500000e+02
  9.9464989e-01  3.0000000e+02
  9.9430215e-01  3.0500000e+02
  9.9396443e-01  3.1000000e+02
  9.9363744e-01  3.1500000e+02
  9.9332064e-01  3.2000000e+02
  9.9280983e-01  3.2500000e+02
  9.9210036e-01  3.3000000e+02
  9.9141204e-01  3.3500000e+02
  9.9074399e-01  3.4000000e+02
  9.9009532e-01  3.4500000e+02
  9.8946518e-01  3.5000000e+02
  9.8862904e-01  3.5500000e+02
  9.8781538e-01  3.6000000e+02
  9.8702395e-01  3.6500000e+02
  9.8625398e-01  3.7000000e+02
  9.8550451e-01  3.7500000e+02
  9.8477477e-01  3.8000000e+02
  9.8405617e-01  3.8500000e+02
  9.8326325e-01  3.9000000e+02
  9.8249048e-01  3.9500000e+02
  9.8173702e-01  4.0000000e+02
  9.8111588e-01  4.0500000e+02
  9.8063749e-01  4.1000000e+02
  9.8022491e-01  4.1500000e+02
  9.7982216e-01  4.2000000e+02
  9.7947872e-01  4.2500000e+02
  9.7928768e-01  4.3000000e+02
  9.7917819e-01  4.3500000e+02
  9.7932327e-01  4.4000000e+02
  9.7971016e-01  4.4500000e+02
  9.8032653e-01  4.5000000e+02
  9.8128092e-01  4.5500000e+02
  9.8221779e-01  4.6000000e+02
  9.8313445e-01  4.6500000e+02
  9.8403162e-01  4.7000000e+02
  9.8490995e-01  4.7500000e+02
  9.8576993e-01  4.8000000e+02
  9.8635840e-01  4.8500000e+02
  9.8692870e-01  4.9000000e+02
  9.8723239e-01  4.9500000e+02
  9.8752999e-01  5.0000000e+02
  9.8761278e-01  5.0500000e+02
  9.8769248e-01  5.1000000e+02
  9.8764384e-01  5.1500000e+02
  9.8759621e-01  5.2000000e+02
  9.8738474e-01  5.2500000e+02
  9.8717690e-01  5.3000000e+02
  9.8699856e-01  5.3500000e+02
  9.8682135e-01  5.4000000e+02
  9.8664564e-01  5.4500000e+02
  9.8643935e-01  5.5000000e+02
  9.8624074e-01  5.5500000e+02
  9.8604578e-01  5.6000000e+02
  9.8585433e-01  5.6500000e+02
  9.8566622e-01  5.7000000e+02
  9.8548132e-01  5.7500000e+02
  9.8529965e-01  5.8000000e+02
  9.8514348e-01  5.8500000e+02
  9.8499024e-01  5.9000000e+02
  9.8485899e-01  5.9500000e+02
  9.8472947e-01  6.0000000e+02
  9.8458385e-01  6.0500000e+02
  9.8444062e-01  6.1000000e+02
  9.8420876e-01  6.1500000e+02
  9.8397779e-01  6.2000000e+02
  9.8368204e-01  6.2500000e+02
  9.8339099e-01  6.3000000e+02
  9.8310453e-01  6.3500000e+02
  9.8281980e-01  6.4000000e+02
  9.8247629e-01  6.4500000e+02
  9.8213810e-01  6.5000000e+02
  9.8175663e-01  6.5500000e+02
  9.8137897e-01  6.6000000e+02
  9.8095250e-01  6.6500000e+02
  9.8053163e-01  6.7000000e+02
  9.8011708e-01  6.7500000e+02
  9.7970742e-01  6.8000000e+02
  9.7927445e-01  6.8500000e+02
  9.7884780e-01  6.9000000e+02
  9.7842723e-01  6.9500000e+02
  9.7801638e-01  7.0000000e+02
  9.7769457e-01  7.0500000e+02
  9.7737730e-01  7.1000000e+02
  9.7709441e-01  7.1500000e+02
  9.7681749e-01  7.2000000e+02
  9.7659969e-01  7.2500000e+02
  9.7638512e-01  7.3000000e+02
  9.7618842e-01  7.3500000e+02
  9.7599441e-01  7.4000000e+02
  9.7579712e-01  7.4500000e+02
  9.7560227e-01  7.5000000e+02
  9.7540909e-01  7.5500000e+02
  9.7522169e-01  7.6000000e+02
  9.7516859e-01  7.6500000e+02
  9.7511685e-01  7.7000000e+02
  9.7508430e-01  7.7500000e+02
  9.7505218e-01  7.8000000e+02
  9.7510654e-01  7.8500000e+02
  9.7516072e-01  7.9000000e+02
  9.7521418e-01  7.9500000e+02
  9.7526699e-01  8.0000000e+02
  9.7554857e-01  8.0500000e+02
  9.7582668e-01  8.1000000e+02
  9.7610134e-01  8.1500000e+02
  9.7638196e-01  8.2000000e+02
  9.7679019e-01  8.2500000e+02
  9.7719347e-01  8.3000000e+02
  9.7759199e-01  8.3500000e+02
  9.7798568e-01  8.4000000e+02
  9.7861481e-01  8.4500000e+02
  9.7925371e-01  8.5000000e+02
  9.7988510e-01  8.5500000e+02
  9.8051184e-01  8.6000000e+02
  9.8121309e-01  8.6500000e+02
  9.8190629e-01  8.7000000e+02
  9.8259157e-01  8.7500000e+02
  9.8326904e-01  8.8000000e+02
  9.8431140e-01  8.8500000e+02
  9.8536414e-01  8.9000000e+02
  9.8640513e-01  8.9500000e+02
  9.8743457e-01  9.0000000e+02
  9.8856759e-01  9.0500000e+02
  9.8970401e-01  9.1000000e+02
  9.9088973e-01  9.1500000e+02
  9.9206042e-01  9.2000000e+02
  9.9292904e-01  9.2500000e+02
  9.9378824e-01  9.3000000e+02
  9.9443793e-01  9.3500000e+02
  9.9505895e-01  9.4000000e+02
  9.9528921e-01  9.4500000e+02
  9.9550092e-01  9.5000000e+02
  9.9548489e-01  9.5500000e+02
  9.9546087e-01  9.6000000e+02
  9.9531269e-01  9.6500000e+02
  9.9516547e-01  9.7000000e+02
  9.9498093e-01  9.7500000e+02
  9.9479824e-01  9.8000000e+02
  9.9456167e-01  9.8500000e+02
  9.9432272e-01  9.9000000e+02
  9.9408615e-01  9.9500000e+02
  9.9385202e-01  1.0000000e+03
  9.9360347e-01  1.0050000e+03
  9.9335748e-01  1.0100000e+03
  9.9311382e-01  1.0150000e+03
  9.9287266e-01  1.0200000e+03
  9.9266034e-01  1.0250000e+03
  9.9245012e-01  1.0300000e+03
  9.9224192e-01  1.0350000e+03
  9.9203569e-01  1.0400000e+03
  9.9183142e-01  1.0450000e+03
  9.9162924e-01  1.0500000e+03
  9.9144679e-01  1.0550000e+03
  9.9126613e-01  1.0600000e+03
  9.9108714e-01  1.0650000e+03
  9.9090976e-01  1.0700000e+03
  9.9073410e-01  1.0750000e+03
  9.9056005e-01  1.0800000e+03
  9.9040222e-01  1.0850000e+03
  9.9024594e-01  1.0900000e+03
  9.9009109e-01  1.0950000e+03
  9.8993766e-01  1.1000000e+03
  9.8979777e-01  1.1050000e+03
  9.8965913e-01  1.1100000e+03
  9.8952174e-01  1.1150000e+03
  9.8938566e-01  1.1200000e+03
  9.8926288e-01  1.1250000e+03
  9.8914117e-01  1.1300000e+03
  9.8902053e-01  1.1350000e+03
  9.8890096e-01  1.1400000e+03
  9.8878241e-01  1.1450000e+03
  9.8866498e-01  1.1500000e+03
  9.8855752e-01  1.1550000e+03
  9.8845094e-01  1.1600000e+03
  9.8834532e-01  1.1650000e+03
  9.8824060e-01  1.1700000e+03
  9.8813677e-01  1.1750000e+03
  9.8803383e-01  1.1800000e+03
  9.8793614e-01  1.1850000e+03
  9.8783928e-01  1.1900000e+03
  9.8774320e-01  1.1950000e+03
  9.8764789e-01  1.2000000e+03
  9.8755306e-01  1.2050000e+03
  9.8745900e-01  1.2100000e+03
  9.8736572e-01  1.2150000e+03
  9.8727322e-01  1.2200000e+03
  9.8718172e-01  1.2250000e+03
  9.8709100e-01  1.2300000e+03
  9.8700094e-01  1.2350000e+03
  9.8691165e-01  1.2400000e+03
  9.8682129e-01  1.2450000e+03
  9.8673171e-01  1.2500000e+03
  9.8664284e-01  1.2550000e+03
  9.8655462e-01  1.2600000e+03
  9.8646706e-01  1.2650000e+03
  9.8638016e-01  1.2700000e+03
  9.8629391e-01  1.2750000e+03
  9.8620838e-01  1.2800000e+03
  9.8612130e-01  1.2850000e+03
  9.8603481e-01  1.2900000e+03
  9.8594904e-01  1.2950000e+03
  9.8586386e-01  1.3000000e+03
  9.8579258e-01  1.3050000e+03
  9.8572201e-01  1.3100000e+03
  9.8565197e-01  1.3150000e+03
  9.8558241e-01  1.3200000e+03
  9.8551512e-01  1.3250000e+03
  9.8544836e-01  1.3300000e+03
  9.8538208e-01  1.3350000e+03
  9.8531616e-01  1.3400000e+03
  9.8524302e-01  1.3450000e+03
  9.8517042e-01  1.3500000e+03
  9.8509836e-01  1.3550000e+03
  9.8502684e-01  1.3600000e+03
  9.8496240e-01  1.3650000e+03
  9.8489845e-01  1.3700000e+03
  9.8483497e-01  1.3750000e+03
  9.8477191e-01  1.3800000e+03
  9.8471320e-01  1.3850000e+03
  9.8465490e-01  1.3900000e+03
  9.8459709e-01  1.3950000e+03
  9.8453963e-01  1.4000000e+03
  9.8447496e-01  1.4050000e+03
  9.8441076e-01  1.4100000e+03
  9.8434699e-01  1.4150000e+03
  9.8428363e-01  1.4200000e+03
  9.8423511e-01  1.4250000e+03
  9.8418707e-01  1.4300000e+03
  9.8413932e-01  1.4350000e+03
  9.8409194e-01  1.4400000e+03
  9.8404485e-01  1.4450000e+03
  9.8399836e-01  1.4500000e+03
  9.8396331e-01  1.4550000e+03
  9.8392850e-01  1.4600000e+03
  9.8389393e-01  1.4650000e+03
  9.8385960e-01  1.4700000e+03
  9.8382550e-01  1.4750000e+03
  9.8379171e-01  1.4800000e+03
  9.8376518e-01  1.4850000e+03
  9.8373884e-01  1.4900000e+03
  9.8371261e-01  1.4950000e+03
  9.8368639e-01  1.5000000e+03
  9.8364764e-01  1.5050000e+03
  9.8360914e-01  1.5100000e+03
  9.8357093e-01  1.5150000e+03
  9.8353291e-01  1.5200000e+03
  9.8349661e-01  1.5250000e+03
  9.8346055e-01  1.5300000e+03
  9.8342478e-01  1.5350000e+03
  9.8338938e-01  1.5400000e+03
  9.8336285e-01  1.5450000e+03
  9.8333657e-01  1.5500000e+03
  9.8331434e-01  1.5550000e+03
  9.8329228e-01  1.5600000e+03
  9.8326981e-01  1.5650000e+03
  9.8324746e-01  1.5700000e+03
  9.8323363e-01  1.5750000e+03
  9.8322010e-01  1.5800000e+03
  9.8321205e-01  1.5850000e+03
  9.8320413e-01  1.5900000e+03
  9.8321348e-01  1.5950000e+03
  9.8322302e-01  1.6000000e+03
  9.8327142e-01  1.6050000e+03
  9.8331952e-01  1.6100000e+03
  9.8336738e-01  1.6150000e+03
  9.8341489e-01  1.6200000e+03
  9.8346215e-01  1.6250000e+03
  9.8350918e-01  1.6300000e+03
  9.8362249e-01  1.6350000e+03
  9.8373514e-01  1.6400000e+03
  9.8384708e-01  1.6450000e+03
  9.8395765e-01  1.6500000e+03
