 5.000e+01 1.650e+03 5.000e+00      321
  8.8855970e-01  5.0000000e+01
  8.8763285e-01  5.5000000e+01
  8.8686043e-01  6.0000000e+01
  8.8584673e-01  6.5000000e+01
  8.8464344e-01  7.0000000e+01
  8.8360053e-01  7.5000000e+01
  8.8268799e-01  8.0000000e+01
  8.8165945e-01  8.5000000e+01
  8.8032329e-01  9.0000000e+01
  8.7912774e-01  9.5000000e+01
  8.7805176e-01  1.0000000e+02
  8.7680435e-01  1.0500000e+02
  8.7549770e-01  1.1000000e+02
  8.7417066e-01  1.1500000e+02
  8.7292993e-01  1.2000000e+02
  8.7174040e-01  1.2500000e+02
  8.7053007e-01  1.3000000e+02
  8.6988556e-01  1.3500000e+02
  8.7158197e-01  1.4000000e+02
  8.7537265e-01  1.4500000e+02
  8.8149935e-01  1.5000000e+02
  8.8880610e-01  1.5500000e+02
  8.9562154e-01  1.6000000e+02
  8.9907473e-01  1.6500000e+02
  8.9298403e-01  1.7000000e+02
  8.7966692e-01  1.7500000e+02
  8.7084746e-01  1.8000000e+02
  8.6824226e-01  1.8500000e+02
  8.6562365e-01  1.9000000e+02
  8.5939801e-01  1.9500000e+02
  8.4909660e-01  2.0000000e+02
  8.3532494e-01  2.0500000e+02
  8.2421309e-01  2.1000000e+02
  8.2918930e-01  2.1500000e+02
  8.5579091e-01  2.2000000e+02
  8.8822955e-01  2.2500000e+02
  9.1303480e-01  2.3000000e+02
  9.2767817e-01  2.3500000e+02
  9.3591362e-01  2.4000000e+02
  9.4218022e-01  2.4500000e+02
  9.4564593e-01  2.5000000e+02
  9.4881368e-01  2.5500000e+02
  9.5169753e-01  2.6000000e+02
  9.5431435e-01  2.6500000e+02
  9.5676732e-01  2.7000000e+02
  9.5875186e-01  2.7500000e+02
  9.6064425e-01  2.8000000e+02
  9.6202946e-01  2.8500000e+02
  9.6330971e-01  2.9000000e+02
  9.6400899e-01  2.9500000e+02
  9.6468246e-01  3.0000000e+02
  9.6448678e-01  3.0500000e+02
  9.6429229e-01  3.1000000e+02
  9.6410406e-01  3.1500000e+02
  9.6392167e-01  3.2000000e+02
  9.6336651e-01  3.2500000e+02
  9.6243078e-01  3.3000000e+02
  9.6152300e-01  3.3500000e+02
  9.6064192e-01  3.4000000e+02
  9.5978636e-01  3.4500000e+02
  9.5895523e-01  3.5000000e+02
  9.5796025e-01  3.5500000e+02
  9.5699227e-01  3.6000000e+02
  9.5605081e-01  3.6500000e+02
  9.5513481e-01  3.7000000e+02
  9.5424318e-01  3.7500000e+02
  9.5337504e-01  3.8000000e+02
  9.5252621e-01  3.8500000e+02
  9.5166051e-01  3.9000000e+02
  9.5081669e-01  3.9500000e+02
  9.4999397e-01  4.0000000e+02
  9.4916391e-01  4.0500000e+02
  9.4834983e-01  4.1000000e+02
  9.4755358e-01  4.1500000e+02
  9.4677621e-01  4.2000000e+02
  9.4599855e-01  4.2500000e+02
  9.4518489e-01  4.3000000e+02
  9.4437289e-01  4.3500000e+02
  9.4352329e-01  4.4000000e+02
  9.4264764e-01  4.4500000e+02
  9.4174755e-01  4.5000000e+02
  9.4089818e-01  4.5500000e+02
  9.4006759e-01  4.6000000e+02
  9.3925482e-01  4.6500000e+02
  9.3845940e-01  4.7000000e+02
  9.3768066e-01  4.7500000e+02
  9.3691820e-01  4.8000000e+02
  9.3619931e-01  4.8500000e+02
  9.3549824e-01  4.9000000e+02
  9.3511552e-01  4.9500000e+02
  9.3474048e-01  5.0000000e+02
  9.3479300e-01  5.0500000e+02
  9.3484575e-01  5.1000000e+02
  9.3500924e-01  5.1500000e+02
  9.3516952e-01  5.2000000e+02
  9.3490839e-01  5.2500000e+02
  9.3464547e-01  5.3000000e+02
  9.3397397e-01  5.3500000e+02
  9.3334651e-01  5.4000000e+02
  9.3275827e-01  5.4500000e+02
  9.3206775e-01  5.5000000e+02
  9.3146598e-01  5.5500000e+02
  9.3087608e-01  5.6000000e+02
  9.3029660e-01  5.6500000e+02
  9.2972732e-01  5.7000000e+02
  9.2916793e-01  5.7500000e+02
  9.2861813e-01  5.8000000e+02
  9.2839116e-01  5.8500000e+02
  9.2817175e-01  5.9000000e+02
  9.2809284e-01  5.9500000e+02
  9.2801446e-01  6.0000000e+02
  9.2790902e-01  6.0500000e+02
  9.2780524e-01  6.1000000e+02
  9.2735791e-01  6.1500000e+02
  9.2690712e-01  6.2000000e+02
  9.2624128e-01  6.2500000e+02
  9.2558604e-01  6.3000000e+02
  9.2494112e-01  6.3500000e+02
  9.2429858e-01  6.4000000e+02
  9.2348725e-01  6.4500000e+02
  9.2268842e-01  6.5000000e+02
  9.2176688e-01  6.5500000e+02
  9.2085391e-01  6.6000000e+02
  9.1982484e-01  6.6500000e+02
  9.1880947e-01  6.7000000e+02
  9.1780907e-01  6.7500000e+02
  9.1682214e-01  6.8000000e+02
  9.1581655e-01  6.8500000e+02
  9.1482556e-01  6.9000000e+02
  9.1384882e-01  6.9500000e+02
  9.1289985e-01  7.0000000e+02
  9.1227806e-01  7.0500000e+02
  9.1166502e-01  7.1000000e+02
  9.1117138e-01  7.1500000e+02
  9.1069210e-01  7.2000000e+02
  9.1040957e-01  7.2500000e+02
  9.1013175e-01  7.3000000e+02
  9.0991205e-01  7.3500000e+02
  9.0969533e-01  7.4000000e+02
  9.0946525e-01  7.4500000e+02
  9.0923762e-01  7.5000000e+02
  9.0899420e-01  7.5500000e+02
  9.0876329e-01  7.6000000e+02
  9.0893656e-01  7.6500000e+02
  9.0910900e-01  7.7000000e+02
  9.0931976e-01  7.7500000e+02
  9.0952778e-01  7.8000000e+02
  9.0996134e-01  7.8500000e+02
  9.1039085e-01  7.9000000e+02
  9.1081500e-01  7.9500000e+02
  9.1123378e-01  8.0000000e+02
  9.1229928e-01  8.0500000e+02
  9.1335166e-01  8.1000000e+02
  9.1439110e-01  8.1500000e+02
  9.1544312e-01  8.2000000e+02
  9.1684008e-01  8.2500000e+02
  9.1822022e-01  8.3000000e+02
  9.1958386e-01  8.3500000e+02
  9.2093128e-01  8.4000000e+02
  9.2299509e-01  8.4500000e+02
  9.2508715e-01  8.5000000e+02
  9.2715472e-01  8.5500000e+02
  9.2920715e-01  8.6000000e+02
  9.3151283e-01  8.6500000e+02
  9.3379194e-01  8.7000000e+02
  9.3604505e-01  8.7500000e+02
  9.3827254e-01  8.8000000e+02
  9.4185948e-01  8.8500000e+02
  9.4548833e-01  8.9000000e+02
  9.4907659e-01  8.9500000e+02
  9.5262504e-01  9.0000000e+02
  9.5676750e-01  9.0500000e+02
  9.6096891e-01  9.1000000e+02
  9.6554023e-01  9.1500000e+02
  9.7005486e-01  9.2000000e+02
  9.7357750e-01  9.2500000e+02
  9.7706228e-01  9.3000000e+02
  9.7987312e-01  9.3500000e+02
  9.8257673e-01  9.4000000e+02
  9.8376036e-01  9.4500000e+02
  9.8486465e-01  9.5000000e+02
  9.8502439e-01  9.5500000e+02
  9.8514551e-01  9.6000000e+02
  9.8470306e-01  9.6500000e+02
  9.8426312e-01  9.7000000e+02
  9.8368073e-01  9.7500000e+02
  9.8310423e-01  9.8000000e+02
  9.8241055e-01  9.8500000e+02
  9.8171347e-01  9.9000000e+02
  9.8102337e-01  9.9500000e+02
  9.8034018e-01  1.0000000e+03
  9.7961092e-01  1.0050000e+03
  9.7888887e-01  1.0100000e+03
  9.7817391e-01  1.0150000e+03
  9.7746623e-01  1.0200000e+03
  9.7691894e-01  1.0250000e+03
  9.7637689e-01  1.0300000e+03
  9.7584015e-01  1.0350000e+03
  9.7530854e-01  1.0400000e+03
  9.7478199e-01  1.0450000e+03
  9.7426087e-01  1.0500000e+03
  9.7384423e-01  1.0550000e+03
  9.7343147e-01  1.0600000e+03
  9.7302258e-01  1.0650000e+03
  9.7261751e-01  1.0700000e+03
  9.7221619e-01  1.0750000e+03
  9.7181863e-01  1.0800000e+03
  9.7147542e-01  1.0850000e+03
  9.7113568e-01  1.0900000e+03
  9.7079903e-01  1.0950000e+03
  9.7046548e-01  1.1000000e+03
  9.7017008e-01  1.1050000e+03
  9.6987730e-01  1.1100000e+03
  9.6958715e-01  1.1150000e+03
  9.6929997e-01  1.1200000e+03
  9.6904922e-01  1.1250000e+03
  9.6880072e-01  1.1300000e+03
  9.6855438e-01  1.1350000e+03
  9.6831018e-01  1.1400000e+03
  9.6806812e-01  1.1450000e+03
  9.6782845e-01  1.1500000e+03
  9.6762061e-01  1.1550000e+03
  9.6741462e-01  1.1600000e+03
  9.6721035e-01  1.1650000e+03
  9.6700788e-01  1.1700000e+03
  9.6680707e-01  1.1750000e+03
  9.6660823e-01  1.1800000e+03
  9.6643114e-01  1.1850000e+03
  9.6625549e-01  1.1900000e+03
  9.6608132e-01  1.1950000e+03
  9.6590859e-01  1.2000000e+03
  9.6574450e-01  1.2050000e+03
  9.6558177e-01  1.2100000e+03
  9.6542042e-01  1.2150000e+03
  9.6526045e-01  1.2200000e+03
  9.6510732e-01  1.2250000e+03
  9.6495539e-01  1.2300000e+03
  9.6480465e-01  1.2350000e+03
  9.6465516e-01  1.2400000e+03
  9.6450442e-01  1.2450000e+03
  9.6435487e-01  1.2500000e+03
  9.6420652e-01  1.2550000e+03
  9.6405941e-01  1.2600000e+03
  9.6391511e-01  1.2650000e+03
  9.6377200e-01  1.2700000e+03
  9.6363002e-01  1.2750000e+03
  9.6348917e-01  1.2800000e+03
  9.6334851e-01  1.2850000e+03
  9.6320891e-01  1.2900000e+03
  9.6307039e-01  1.2950000e+03
  9.6293294e-01  1.3000000e+03
  9.6282125e-01  1.3050000e+03
  9.6271062e-01  1.3100000e+03
  9.6260083e-01  1.3150000e+03
  9.6249217e-01  1.3200000e+03
  9.6241760e-01  1.3250000e+03
  9.6234357e-01  1.3300000e+03
  9.6227014e-01  1.3350000e+03
  9.6219712e-01  1.3400000e+03
  9.6211797e-01  1.3450000e+03
  9.6203947e-01  1.3500000e+03
  9.6196151e-01  1.3550000e+03
  9.6188414e-01  1.3600000e+03
  9.6182507e-01  1.3650000e+03
  9.6176648e-01  1.3700000e+03
  9.6170831e-01  1.3750000e+03
  9.6165049e-01  1.3800000e+03
  9.6161598e-01  1.3850000e+03
  9.6158201e-01  1.3900000e+03
  9.6154833e-01  1.3950000e+03
  9.6151477e-01  1.4000000e+03
  9.6146733e-01  1.4050000e+03
  9.6142030e-01  1.4100000e+03
  9.6137357e-01  1.4150000e+03
  9.6132720e-01  1.4200000e+03
  9.6131694e-01  1.4250000e+03
  9.6130717e-01  1.4300000e+03
  9.6129745e-01  1.4350000e+03
  9.6128780e-01  1.4400000e+03
  9.6127826e-01  1.4450000e+03
  9.6126926e-01  1.4500000e+03
  9.6128726e-01  1.4550000e+03
  9.6130508e-01  1.4600000e+03
  9.6132284e-01  1.4650000e+03
  9.6134049e-01  1.4700000e+03
  9.6135795e-01  1.4750000e+03
  9.6137553e-01  1.4800000e+03
  9.6141124e-01  1.4850000e+03
  9.6144670e-01  1.4900000e+03
  9.6148193e-01  1.4950000e+03
  9.6151656e-01  1.5000000e+03
  9.6152800e-01  1.5050000e+03
  9.6153939e-01  1.5100000e+03
  9.6155071e-01  1.5150000e+03
  9.6156192e-01  1.5200000e+03
  9.6157724e-01  1.5250000e+03
  9.6159250e-01  1.5300000e+03
  9.6160758e-01  1.5350000e+03
  9.6162301e-01  1.5400000e+03
  9.6165538e-01  1.5450000e+03
  9.6168768e-01  1.5500000e+03
  9.6172643e-01  1.5550000e+03
  9.6176493e-01  1.5600000e+03
  9.6180332e-01  1.5650000e+03
  9.6184146e-01  1.5700000e+03
  9.6189487e-01  1.5750000e+03
  9.6194834e-01  1.5800000e+03
  9.6201074e-01  1.5850000e+03
  9.6207285e-01  1.5900000e+03
  9.6216500e-01  1.5950000e+03
  9.6225709e-01  1.6000000e+03
  9.6241486e-01  1.6050000e+03
  9.6257174e-01  1.6100000e+03
  9.6272761e-01  1.6150000e+03
  9.6288246e-01  1.6200000e+03
  9.6303642e-01  1.6250000e+03
  9.6318960e-01  1.6300000e+03
  9.6345526e-01  1.6350000e+03
  9.6371925e-01  1.6400000e+03
  9.6398169e-01  1.6450000e+03
  9.6424133e-01  1.6500000e+03
