 5.000e+01 1.650e+03 5.000e+00      321
  9.9608803e-01  5.0000000e+01
  9.9608803e-01  5.5000000e+01
  9.9608803e-01  6.0000000e+01
  9.9608803e-01  6.5000000e+01
  9.9608803e-01  7.0000000e+01
  9.9608803e-01  7.5000000e+01
  9.9608803e-01  8.0000000e+01
  9.9608803e-01  8.5000000e+01
  9.9608803e-01  9.0000000e+01
  9.9608803e-01  9.5000000e+01
  9.9608803e-01  1.0000000e+02
  9.9574196e-01  1.0500000e+02
  9.9533331e-01  1.1000000e+02
  9.9486178e-01  1.1500000e+02
  9.9433321e-01  1.2000000e+02
  9.9375600e-01  1.2500000e+02
  9.9312401e-01  1.3000000e+02
  9.9250346e-01  1.3500000e+02
  9.9200416e-01  1.4000000e+02
  9.9166137e-01  1.4500000e+02
  9.9152410e-01  1.5000000e+02
  9.9153429e-01  1.5500000e+02
  9.9156898e-01  1.6000000e+02
  9.9137986e-01  1.6500000e+02
  9.9035430e-01  1.7000000e+02
  9.8854184e-01  1.7500000e+02
  9.8703915e-01  1.8000000e+02
  9.8618358e-01  1.8500000e+02
  9.8527503e-01  1.9000000e+02
  9.8386216e-01  1.9500000e+02
  9.8179734e-01  2.0000000e+02
  9.7912705e-01  2.0500000e+02
  9.7691011e-01  2.1000000e+02
  9.7758925e-01  2.1500000e+02
  9.8180389e-01  2.2000000e+02
  9.8629588e-01  2.2500000e+02
  9.8925710e-01  2.3000000e+02
  9.9075669e-01  2.3500000e+02
  9.9149275e-01  2.4000000e+02
  9.9202144e-01  2.4500000e+02
  9.9225199e-01  2.5000000e+02
  9.9246675e-01  2.5500000e+02
  9.9266636e-01  2.6000000e+02
  9.9284738e-01  2.6500000e+02
  9.9301702e-01  2.7000000e+02
  9.9314296e-01  2.7500000e+02
  9.9326235e-01  2.8000000e+02
  9.9332982e-01  2.8500000e+02
  9.9338871e-01  2.9000000e+02
  9.9338144e-01  2.9500000e+02
  9.9337405e-01  3.0000000e+02
  9.9324322e-01  3.0500000e+02
  9.9311590e-01  3.1000000e+02
  9.9299264e-01  3.1500000e+02
  9.9287319e-01  3.2000000e+02
  9.9266905e-01  3.2500000e+02
  9.9237818e-01  3.3000000e+02
  9.9209601e-01  3.3500000e+02
  9.9182212e-01  3.4000000e+02
  9.9155623e-01  3.4500000e+02
  9.9129790e-01  3.5000000e+02
  9.9091893e-01  3.5500000e+02
  9.9055010e-01  3.6000000e+02
  9.9019134e-01  3.6500000e+02
  9.8984230e-01  3.7000000e+02
  9.8950255e-01  3.7500000e+02
  9.8917174e-01  3.8000000e+02
  9.8884338e-01  3.8500000e+02
  9.8845077e-01  3.9000000e+02
  9.8806810e-01  3.9500000e+02
  9.8769498e-01  4.0000000e+02
  9.8731154e-01  4.0500000e+02
  9.8693222e-01  4.1000000e+02
  9.8655993e-01  4.1500000e+02
  9.8619646e-01  4.2000000e+02
  9.8583513e-01  4.2500000e+02
  9.8546356e-01  4.3000000e+02
  9.8509967e-01  4.3500000e+02
  9.8474151e-01  4.4000000e+02
  9.8439777e-01  4.4500000e+02
  9.8406792e-01  4.5000000e+02
  9.8374367e-01  4.5500000e+02
  9.8342639e-01  4.6000000e+02
  9.8311591e-01  4.6500000e+02
  9.8281211e-01  4.7000000e+02
  9.8251468e-01  4.7500000e+02
  9.8222345e-01  4.8000000e+02
  9.8187315e-01  4.8500000e+02
  9.8152953e-01  4.9000000e+02
  9.8125350e-01  4.9500000e+02
  9.8098302e-01  5.0000000e+02
  9.8083526e-01  5.0500000e+02
  9.8069066e-01  5.1000000e+02
  9.8057246e-01  5.1500000e+02
  9.8045647e-01  5.2000000e+02
  9.8017383e-01  5.2500000e+02
  9.7989386e-01  5.3000000e+02
  9.7945982e-01  5.3500000e+02
  9.7903848e-01  5.4000000e+02
  9.7862899e-01  5.4500000e+02
  9.7817308e-01  5.5000000e+02
  9.7772872e-01  5.5500000e+02
  9.7729248e-01  5.6000000e+02
  9.7686398e-01  5.6500000e+02
  9.7644299e-01  5.7000000e+02
  9.7602928e-01  5.7500000e+02
  9.7562271e-01  5.8000000e+02
  9.7533005e-01  5.8500000e+02
  9.7504359e-01  5.9000000e+02
  9.7481215e-01  5.9500000e+02
  9.7458398e-01  6.0000000e+02
  9.7433555e-01  6.0500000e+02
  9.7409123e-01  6.1000000e+02
  9.7368550e-01  6.1500000e+02
  9.7328109e-01  6.2000000e+02
  9.7276187e-01  6.2500000e+02
  9.7225088e-01  6.3000000e+02
  9.7174793e-01  6.3500000e+02
  9.7124827e-01  6.4000000e+02
  9.7064894e-01  6.4500000e+02
  9.7005886e-01  6.5000000e+02
  9.6939635e-01  6.5500000e+02
  9.6874058e-01  6.6000000e+02
  9.6800721e-01  6.6500000e+02
  9.6728367e-01  6.7000000e+02
  9.6657079e-01  6.7500000e+02
  9.6586692e-01  6.8000000e+02
  9.6513444e-01  6.8500000e+02
  9.6441257e-01  6.9000000e+02
  9.6370107e-01  6.9500000e+02
  9.6300650e-01  7.0000000e+02
  9.6247435e-01  7.0500000e+02
  9.6194965e-01  7.1000000e+02
  9.6148872e-01  7.1500000e+02
  9.6103799e-01  7.2000000e+02
  9.6069115e-01  7.2500000e+02
  9.6034944e-01  7.3000000e+02
  9.6004099e-01  7.3500000e+02
  9.5973665e-01  7.4000000e+02
  9.5942861e-01  7.4500000e+02
  9.5912433e-01  7.5000000e+02
  9.5882612e-01  7.5500000e+02
  9.5853752e-01  7.6000000e+02
  9.5847785e-01  7.6500000e+02
  9.5842016e-01  7.7000000e+02
  9.5839602e-01  7.7500000e+02
  9.5837218e-01  7.8000000e+02
  9.5849597e-01  7.8500000e+02
  9.5861924e-01  7.9000000e+02
  9.5874089e-01  7.9500000e+02
  9.5886099e-01  8.0000000e+02
  9.5936930e-01  8.0500000e+02
  9.5987129e-01  8.1000000e+02
  9.6036714e-01  8.1500000e+02
  9.6087283e-01  8.2000000e+02
  9.6159762e-01  8.2500000e+02
  9.6231371e-01  8.3000000e+02
  9.6302122e-01  8.3500000e+02
  9.6372032e-01  8.4000000e+02
  9.6482491e-01  8.4500000e+02
  9.6594626e-01  8.5000000e+02
  9.6705443e-01  8.5500000e+02
  9.6815449e-01  8.6000000e+02
  9.6939021e-01  8.6500000e+02
  9.7061175e-01  8.7000000e+02
  9.7181928e-01  8.7500000e+02
  9.7301316e-01  8.8000000e+02
  9.7483975e-01  8.8500000e+02
  9.7668427e-01  8.9000000e+02
  9.7850811e-01  8.9500000e+02
  9.8031169e-01  9.0000000e+02
  9.8228651e-01  9.0500000e+02
  9.8426074e-01  9.1000000e+02
  9.8629230e-01  9.1500000e+02
  9.8829752e-01  9.2000000e+02
  9.8972332e-01  9.2500000e+02
  9.9113375e-01  9.3000000e+02
  9.9213678e-01  9.3500000e+02
  9.9309164e-01  9.4000000e+02
  9.9344367e-01  9.4500000e+02
  9.9377084e-01  9.5000000e+02
  9.9379838e-01  9.5500000e+02
  9.9381405e-01  9.6000000e+02
  9.9365258e-01  9.6500000e+02
  9.9349195e-01  9.7000000e+02
  9.9326652e-01  9.7500000e+02
  9.9304342e-01  9.8000000e+02
  9.9274135e-01  9.8500000e+02
  9.9243551e-01  9.9000000e+02
  9.9213272e-01  9.9500000e+02
  9.9183297e-01  1.0000000e+03
  9.9146289e-01  1.0050000e+03
  9.9109650e-01  1.0100000e+03
  9.9073368e-01  1.0150000e+03
  9.9037445e-01  1.0200000e+03
  9.9004859e-01  1.0250000e+03
  9.8972583e-01  1.0300000e+03
  9.8940623e-01  1.0350000e+03
  9.8908973e-01  1.0400000e+03
  9.8877621e-01  1.0450000e+03
  9.8846579e-01  1.0500000e+03
  9.8817998e-01  1.0550000e+03
  9.8789686e-01  1.0600000e+03
  9.8761642e-01  1.0650000e+03
  9.8733860e-01  1.0700000e+03
  9.8706335e-01  1.0750000e+03
  9.8679066e-01  1.0800000e+03
  9.8653173e-01  1.0850000e+03
  9.8627532e-01  1.0900000e+03
  9.8602122e-01  1.0950000e+03
  9.8576945e-01  1.1000000e+03
  9.8552978e-01  1.1050000e+03
  9.8529220e-01  1.1100000e+03
  9.8505682e-01  1.1150000e+03
  9.8482358e-01  1.1200000e+03
  9.8460203e-01  1.1250000e+03
  9.8438239e-01  1.1300000e+03
  9.8416471e-01  1.1350000e+03
  9.8394895e-01  1.1400000e+03
  9.8373508e-01  1.1450000e+03
  9.8352313e-01  1.1500000e+03
  9.8332024e-01  1.1550000e+03
  9.8311913e-01  1.1600000e+03
  9.8291975e-01  1.1650000e+03
  9.8272204e-01  1.1700000e+03
  9.8252606e-01  1.1750000e+03
  9.8233175e-01  1.1800000e+03
  9.8214364e-01  1.1850000e+03
  9.8195714e-01  1.1900000e+03
  9.8177218e-01  1.1950000e+03
  9.8158878e-01  1.2000000e+03
  9.8140544e-01  1.2050000e+03
  9.8122364e-01  1.2100000e+03
  9.8104334e-01  1.2150000e+03
  9.8086452e-01  1.2200000e+03
  9.8068452e-01  1.2250000e+03
  9.8050606e-01  1.2300000e+03
  9.8032904e-01  1.2350000e+03
  9.8015326e-01  1.2400000e+03
  9.7997159e-01  1.2450000e+03
  9.7979140e-01  1.2500000e+03
  9.7961259e-01  1.2550000e+03
  9.7943515e-01  1.2600000e+03
  9.7925448e-01  1.2650000e+03
  9.7907519e-01  1.2700000e+03
  9.7889733e-01  1.2750000e+03
  9.7872090e-01  1.2800000e+03
  9.7853959e-01  1.2850000e+03
  9.7835964e-01  1.2900000e+03
  9.7818106e-01  1.2950000e+03
  9.7800386e-01  1.3000000e+03
  9.7784287e-01  1.3050000e+03
  9.7768325e-01  1.3100000e+03
  9.7752488e-01  1.3150000e+03
  9.7736788e-01  1.3200000e+03
  9.7723353e-01  1.3250000e+03
  9.7710019e-01  1.3300000e+03
  9.7696787e-01  1.3350000e+03
  9.7683644e-01  1.3400000e+03
  9.7669673e-01  1.3450000e+03
  9.7655803e-01  1.3500000e+03
  9.7642034e-01  1.3550000e+03
  9.7628373e-01  1.3600000e+03
  9.7615916e-01  1.3650000e+03
  9.7603542e-01  1.3700000e+03
  9.7591263e-01  1.3750000e+03
  9.7579074e-01  1.3800000e+03
  9.7568536e-01  1.3850000e+03
  9.7558099e-01  1.3900000e+03
  9.7547734e-01  1.3950000e+03
  9.7537434e-01  1.4000000e+03
  9.7525758e-01  1.4050000e+03
  9.7514164e-01  1.4100000e+03
  9.7502649e-01  1.4150000e+03
  9.7491217e-01  1.4200000e+03
  9.7482634e-01  1.4250000e+03
  9.7474140e-01  1.4300000e+03
  9.7465700e-01  1.4350000e+03
  9.7457325e-01  1.4400000e+03
  9.7449005e-01  1.4450000e+03
  9.7440785e-01  1.4500000e+03
  9.7434688e-01  1.4550000e+03
  9.7428638e-01  1.4600000e+03
  9.7422630e-01  1.4650000e+03
  9.7416657e-01  1.4700000e+03
  9.7410727e-01  1.4750000e+03
  9.7404855e-01  1.4800000e+03
  9.7400427e-01  1.4850000e+03
  9.7396034e-01  1.4900000e+03
  9.7391671e-01  1.4950000e+03
  9.7387302e-01  1.5000000e+03
  9.7380757e-01  1.5050000e+03
  9.7374254e-01  1.5100000e+03
  9.7367799e-01  1.5150000e+03
  9.7361386e-01  1.5200000e+03
  9.7355294e-01  1.5250000e+03
  9.7349244e-01  1.5300000e+03
  9.7343230e-01  1.5350000e+03
  9.7337294e-01  1.5400000e+03
  9.7332895e-01  1.5450000e+03
  9.7328532e-01  1.5500000e+03
  9.7324723e-01  1.5550000e+03
  9.7320944e-01  1.5600000e+03
  9.7317201e-01  1.5650000e+03
  9.7313476e-01  1.5700000e+03
  9.7311175e-01  1.5750000e+03
  9.7308910e-01  1.5800000e+03
  9.7307563e-01  1.5850000e+03
  9.7306222e-01  1.5900000e+03
  9.7307795e-01  1.5950000e+03
  9.7309399e-01  1.6000000e+03
  9.7317392e-01  1.6050000e+03
  9.7325331e-01  1.6100000e+03
  9.7333223e-01  1.6150000e+03
  9.7341067e-01  1.6200000e+03
  9.7348863e-01  1.6250000e+03
  9.7356629e-01  1.6300000e+03
  9.7375417e-01  1.6350000e+03
  9.7394091e-01  1.6400000e+03
  9.7412646e-01  1.6450000e+03
  9.7430986e-01  1.6500000e+03
