 5.000e+01 1.650e+03 5.000e+00      321
  9.8945576e-01  5.0000000e+01
  9.8945576e-01  5.5000000e+01
  9.8945576e-01  6.0000000e+01
  9.8945576e-01  6.5000000e+01
  9.8945576e-01  7.0000000e+01
  9.8945576e-01  7.5000000e+01
  9.8945576e-01  8.0000000e+01
  9.8945576e-01  8.5000000e+01
  9.8945576e-01  9.0000000e+01
  9.8945576e-01  9.5000000e+01
  9.8945576e-01  1.0000000e+02
  9.8945576e-01  1.0500000e+02
  9.8945576e-01  1.1000000e+02
  9.8945576e-01  1.1500000e+02
  9.8945576e-01  1.2000000e+02
  9.8945576e-01  1.2500000e+02
  9.8945576e-01  1.3000000e+02
  9.8945576e-01  1.3500000e+02
  9.8945576e-01  1.4000000e+02
  9.8945576e-01  1.4500000e+02
  9.8945576e-01  1.5000000e+02
  9.8945576e-01  1.5500000e+02
  9.8945576e-01  1.6000000e+02
  9.8945576e-01  1.6500000e+02
  9.8945576e-01  1.7000000e+02
  9.8945576e-01  1.7500000e+02
  9.8945576e-01  1.8000000e+02
  9.8945576e-01  1.8500000e+02
  9.8945576e-01  1.9000000e+02
  9.8945576e-01  1.9500000e+02
  9.8945576e-01  2.0000000e+02
  9.8945576e-01  2.0500000e+02
  9.8945576e-01  2.1000000e+02
  9.8945576e-01  2.1500000e+02
  9.8945576e-01  2.2000000e+02
  9.8945576e-01  2.2500000e+02
  9.8945576e-01  2.3000000e+02
  9.8945576e-01  2.3500000e+02
  9.8945576e-01  2.4000000e+02
  9.8945576e-01  2.4500000e+02
  9.8945576e-01  2.5000000e+02
  9.8945576e-01  2.5500000e+02
  9.8945576e-01  2.6000000e+02
  9.8945576e-01  2.6500000e+02
  9.8945576e-01  2.7000000e+02
  9.8945576e-01  2.7500000e+02
  9.8945576e-01  2.8000000e+02
  9.8945576e-01  2.8500000e+02
  9.8945576e-01  2.9000000e+02
  9.8945576e-01  2.9500000e+02
  9.8945576e-01  3.0000000e+02
  9.8945576e-01  3.0500000e+02
  9.8945576e-01  3.1000000e+02
  9.8945576e-01  3.1500000e+02
  9.8945576e-01  3.2000000e+02
  9.8945576e-01  3.2500000e+02
  9.8945576e-01  3.3000000e+02
  9.8945576e-01  3.3500000e+02
  9.8945576e-01  3.4000000e+02
  9.8945576e-01  3.4500000e+02
  9.8945576e-01  3.5000000e+02
  9.8945576e-01  3.5500000e+02
  9.8945576e-01  3.6000000e+02
  9.8945576e-01  3.6500000e+02
  9.8945576e-01  3.7000000e+02
  9.8945576e-01  3.7500000e+02
  9.8945576e-01  3.8000000e+02
  9.8945576e-01  3.8500000e+02
  9.8945576e-01  3.9000000e+02
  9.8945576e-01  3.9500000e+02
  9.8945576e-01  4.0000000e+02
  9.8945576e-01  4.0500000e+02
  9.8945576e-01  4.1000000e+02
  9.8945576e-01  4.1500000e+02
  9.8945576e-01  4.2000000e+02
  9.8945576e-01  4.2500000e+02
  9.8945576e-01  4.3000000e+02
  9.8945576e-01  4.3500000e+02
  9.8945576e-01  4.4000000e+02
  9.8945576e-01  4.4500000e+02
  9.8945576e-01  4.5000000e+02
  9.8945576e-01  4.5500000e+02
  9.8945576e-01  4.6000000e+02
  9.8945576e-01  4.6500000e+02
  9.8945576e-01  4.7000000e+02
  9.8945576e-01  4.7500000e+02
  9.8945576e-01  4.8000000e+02
  9.8945576e-01  4.8500000e+02
  9.8945576e-01  4.9000000e+02
  9.8945576e-01  4.9500000e+02
  9.8945576e-01  5.0000000e+02
  9.8945576e-01  5.0500000e+02
  9.8945576e-01  5.1000000e+02
  9.8945576e-01  5.1500000e+02
  9.8945576e-01  5.2000000e+02
  9.8945576e-01  5.2500000e+02
  9.8945576e-01  5.3000000e+02
  9.8945576e-01  5.3500000e+02
  9.8945576e-01  5.4000000e+02
  9.8945576e-01  5.4500000e+02
  9.8945576e-01  5.5000000e+02
  9.8945576e-01  5.5500000e+02
  9.8945576e-01  5.6000000e+02
  9.8945576e-01  5.6500000e+02
  9.8945576e-01  5.7000000e+02
  9.8945576e-01  5.7500000e+02
  9.8945576e-01  5.8000000e+02
  9.8945576e-01  5.8500000e+02
  9.8945576e-01  5.9000000e+02
  9.8945576e-01  5.9500000e+02
  9.8945576e-01  6.0000000e+02
  9.8945576e-01  6.0500000e+02
  9.8945576e-01  6.1000000e+02
  9.8945576e-01  6.1500000e+02
  9.8945576e-01  6.2000000e+02
  9.8945576e-01  6.2500000e+02
  9.8945576e-01  6.3000000e+02
  9.8945576e-01  6.3500000e+02
  9.8945576e-01  6.4000000e+02
  9.8945576e-01  6.4500000e+02
  9.8945576e-01  6.5000000e+02
  9.8945576e-01  6.5500000e+02
  9.8945576e-01  6.6000000e+02
  9.8945576e-01  6.6500000e+02
  9.8945576e-01  6.7000000e+02
  9.8945576e-01  6.7500000e+02
  9.8945576e-01  6.8000000e+02
  9.8945576e-01  6.8500000e+02
  9.8945576e-01  6.9000000e+02
  9.8945576e-01  6.9500000e+02
  9.8945576e-01  7.0000000e+02
  9.8945576e-01  7.0500000e+02
  9.8945576e-01  7.1000000e+02
  9.8945576e-01  7.1500000e+02
  9.8883909e-01  7.2000000e+02
  9.8865497e-01  7.2500000e+02
  9.8885393e-01  7.3000000e+02
  9.8864329e-01  7.3500000e+02
  9.8865002e-01  7.4000000e+02
  9.8898023e-01  7.4500000e+02
  9.8915565e-01  7.5000000e+02
  9.8915815e-01  7.5500000e+02
  9.8910779e-01  7.6000000e+02
  9.8913342e-01  7.6500000e+02
  9.8918933e-01  7.7000000e+02
  9.8866904e-01  7.7500000e+02
  9.8857588e-01  7.8000000e+02
  9.8842984e-01  7.8500000e+02
  9.8827589e-01  7.9000000e+02
  9.8817593e-01  7.9500000e+02
  9.8818302e-01  8.0000000e+02
  9.8804325e-01  8.0500000e+02
  9.8818392e-01  8.1000000e+02
  9.8834020e-01  8.1500000e+02
  9.8837799e-01  8.2000000e+02
  9.8880225e-01  8.2500000e+02
  9.8902398e-01  8.3000000e+02
  9.8907751e-01  8.3500000e+02
  9.8895985e-01  8.4000000e+02
  9.8896319e-01  8.4500000e+02
  9.8891568e-01  8.5000000e+02
  9.8879594e-01  8.5500000e+02
  9.8842943e-01  8.6000000e+02
  9.8798579e-01  8.6500000e+02
  9.8748183e-01  8.7000000e+02
  9.8689729e-01  8.7500000e+02
  9.8637903e-01  8.8000000e+02
  9.8591185e-01  8.8500000e+02
  9.8533422e-01  8.9000000e+02
  9.8483002e-01  8.9500000e+02
  9.8442036e-01  9.0000000e+02
  9.8411721e-01  9.0500000e+02
  9.8390108e-01  9.1000000e+02
  9.8396176e-01  9.1500000e+02
  9.8362762e-01  9.2000000e+02
  9.8292607e-01  9.2500000e+02
  9.8223776e-01  9.3000000e+02
  9.8156881e-01  9.3500000e+02
  9.8102266e-01  9.4000000e+02
  9.8049617e-01  9.4500000e+02
  9.8000437e-01  9.5000000e+02
  9.7954911e-01  9.5500000e+02
  9.7912699e-01  9.6000000e+02
  9.7890586e-01  9.6500000e+02
  9.7877389e-01  9.7000000e+02
  9.7892797e-01  9.7500000e+02
  9.7914040e-01  9.8000000e+02
  9.7952157e-01  9.8500000e+02
  9.7991329e-01  9.9000000e+02
  9.7997326e-01  9.9500000e+02
  9.8002601e-01  1.0000000e+03
  9.8018670e-01  1.0050000e+03
  9.8034579e-01  1.0100000e+03
  9.7999638e-01  1.0150000e+03
  9.7963995e-01  1.0200000e+03
  9.7860342e-01  1.0250000e+03
  9.7751653e-01  1.0300000e+03
  9.7624552e-01  1.0350000e+03
  9.7494256e-01  1.0400000e+03
  9.7383183e-01  1.0450000e+03
  9.7282112e-01  1.0500000e+03
  9.7204924e-01  1.0550000e+03
  9.7153819e-01  1.0600000e+03
  9.7111356e-01  1.0650000e+03
  9.7095865e-01  1.0700000e+03
  9.7080523e-01  1.0750000e+03
  9.7023314e-01  1.0800000e+03
  9.6964258e-01  1.0850000e+03
  9.6901381e-01  1.0900000e+03
  9.6836281e-01  1.0950000e+03
  9.6782780e-01  1.1000000e+03
  9.6768671e-01  1.1050000e+03
  9.6754688e-01  1.1100000e+03
  9.6808666e-01  1.1150000e+03
  9.6881455e-01  1.1200000e+03
  9.6998823e-01  1.1250000e+03
  9.7230405e-01  1.1300000e+03
  9.7459948e-01  1.1350000e+03
  9.7693598e-01  1.1400000e+03
  9.7927487e-01  1.1450000e+03
  9.8148942e-01  1.1500000e+03
  9.8288715e-01  1.1550000e+03
  9.8427278e-01  1.1600000e+03
  9.8530179e-01  1.1650000e+03
  9.8588836e-01  1.1700000e+03
  9.8646986e-01  1.1750000e+03
  9.8697990e-01  1.1800000e+03
  9.8745799e-01  1.1850000e+03
  9.8793209e-01  1.1900000e+03
  9.8832774e-01  1.1950000e+03
  9.8871231e-01  1.2000000e+03
  9.8908734e-01  1.2050000e+03
  9.8929000e-01  1.2100000e+03
  9.8949105e-01  1.2150000e+03
  9.8969275e-01  1.2200000e+03
  9.8991454e-01  1.2250000e+03
  9.9013454e-01  1.2300000e+03
  9.9035650e-01  1.2350000e+03
  9.9061608e-01  1.2400000e+03
  9.9087358e-01  1.2450000e+03
  9.9112898e-01  1.2500000e+03
  9.9132407e-01  1.2550000e+03
  9.9151754e-01  1.2600000e+03
  9.9170953e-01  1.2650000e+03
  9.9202710e-01  1.2700000e+03
  9.9236703e-01  1.2750000e+03
  9.9270439e-01  1.2800000e+03
  9.9299717e-01  1.2850000e+03
  9.9325871e-01  1.2900000e+03
  9.9351817e-01  1.2950000e+03
  9.9372476e-01  1.3000000e+03
  9.9378520e-01  1.3050000e+03
  9.9384516e-01  1.3100000e+03
  9.9390465e-01  1.3150000e+03
  9.9382502e-01  1.3200000e+03
  9.9372011e-01  1.3250000e+03
  9.9361598e-01  1.3300000e+03
  9.9358344e-01  1.3350000e+03
  9.9369216e-01  1.3400000e+03
  9.9380004e-01  1.3450000e+03
  9.9390721e-01  1.3500000e+03
  9.9387121e-01  1.3550000e+03
  9.9378306e-01  1.3600000e+03
  9.9369550e-01  1.3650000e+03
  9.9360895e-01  1.3700000e+03
  9.9353379e-01  1.3750000e+03
  9.9345922e-01  1.3800000e+03
  9.9338520e-01  1.3850000e+03
  9.9332458e-01  1.3900000e+03
  9.9330938e-01  1.3950000e+03
  9.9329430e-01  1.4000000e+03
  9.9327928e-01  1.4050000e+03
  9.9324054e-01  1.4100000e+03
  9.9314904e-01  1.4150000e+03
  9.9305820e-01  1.4200000e+03
  9.9296802e-01  1.4250000e+03
  9.9287981e-01  1.4300000e+03
  9.9279553e-01  1.4350000e+03
  9.9271178e-01  1.4400000e+03
  9.9262863e-01  1.4450000e+03
  9.9255949e-01  1.4500000e+03
  9.9256968e-01  1.4550000e+03
  9.9257982e-01  1.4600000e+03
  9.9258983e-01  1.4650000e+03
  9.9259984e-01  1.4700000e+03
  9.9252760e-01  1.4750000e+03
  9.9244487e-01  1.4800000e+03
  9.9236274e-01  1.4850000e+03
  9.9228120e-01  1.4900000e+03
  9.9220669e-01  1.4950000e+03
  9.9213934e-01  1.5000000e+03
  9.9207246e-01  1.5050000e+03
  9.9200600e-01  1.5100000e+03
  9.9194002e-01  1.5150000e+03
  9.9190980e-01  1.5200000e+03
  9.9188089e-01  1.5250000e+03
  9.9185216e-01  1.5300000e+03
  9.9182361e-01  1.5350000e+03
  9.9180168e-01  1.5400000e+03
  9.9179411e-01  1.5450000e+03
  9.9178660e-01  1.5500000e+03
  9.9177909e-01  1.5550000e+03
  9.9177170e-01  1.5600000e+03
  9.9177700e-01  1.5650000e+03
  9.9179488e-01  1.5700000e+03
  9.9181271e-01  1.5750000e+03
  9.9183041e-01  1.5800000e+03
  9.9184793e-01  1.5850000e+03
  9.9179411e-01  1.5900000e+03
  9.9167997e-01  1.5950000e+03
  9.9156648e-01  1.6000000e+03
  9.9145377e-01  1.6050000e+03
  9.9134171e-01  1.6100000e+03
  9.9124974e-01  1.6150000e+03
  9.9118495e-01  1.6200000e+03
  9.9112052e-01  1.6250000e+03
  9.9105656e-01  1.6300000e+03
  9.9099296e-01  1.6350000e+03
  9.9094766e-01  1.6400000e+03
  9.9102104e-01  1.6450000e+03
  9.9109399e-01  1.6500000e+03
